# relative_time, cycles_done, cur_item, corpus_count, pending_total, pending_favs, map_size, saved_crashes, saved_hangs, max_depth, execs_per_sec, total_execs, edges_found
61, 0, 37, 114, 112, 35, 0.03%, 0, 0, 3, 168.72, 9975, 2688
66, 0, 37, 120, 118, 35, 0.03%, 0, 0, 3, 169.82, 10836, 2693
71, 0, 37, 124, 122, 35, 0.03%, 0, 0, 3, 169.88, 11701, 2729
76, 0, 37, 127, 125, 35, 0.03%, 0, 0, 3, 137.20, 12406, 2767
81, 0, 37, 131, 129, 35, 0.03%, 0, 0, 3, 162.79, 13283, 2773
86, 0, 37, 133, 131, 35, 0.03%, 0, 0, 3, 169.41, 14143, 2787
91, 0, 37, 137, 135, 35, 0.03%, 0, 0, 3, 170.28, 14999, 2788
96, 0, 37, 142, 140, 35, 0.03%, 0, 0, 3, 169.89, 15856, 2798
101, 0, 37, 142, 140, 35, 0.03%, 0, 0, 3, 170.61, 16720, 2798
106, 0, 37, 144, 142, 35, 0.03%, 0, 0, 3, 170.64, 17580, 2798
112, 0, 86, 144, 141, 64, 0.03%, 0, 0, 3, 168.09, 18437, 2798
117, 0, 86, 144, 141, 64, 0.03%, 0, 0, 3, 176.92, 19361, 2798
122, 0, 125, 150, 146, 63, 0.03%, 0, 0, 4, 180.03, 20294, 2809
127, 0, 125, 154, 150, 63, 0.03%, 0, 0, 4, 175.42, 21198, 2848
132, 0, 125, 156, 152, 63, 0.03%, 0, 0, 4, 175.99, 22106, 2855
137, 0, 125, 158, 154, 63, 0.04%, 0, 0, 4, 176.24, 23008, 3054
142, 0, 125, 160, 156, 63, 0.04%, 0, 0, 4, 176.76, 23904, 3057
147, 0, 125, 161, 157, 63, 0.04%, 0, 0, 4, 177.19, 24811, 3057
153, 0, 125, 164, 160, 63, 0.04%, 0, 0, 4, 176.81, 25717, 3058
158, 0, 125, 165, 161, 63, 0.04%, 0, 0, 4, 177.15, 26615, 3058
163, 0, 125, 167, 163, 63, 0.04%, 0, 0, 4, 177.05, 27514, 3060
168, 0, 125, 167, 163, 63, 0.04%, 0, 0, 4, 177.48, 28414, 3060
173, 0, 125, 167, 163, 63, 0.04%, 0, 0, 4, 177.41, 29314, 3060
178, 0, 125, 168, 164, 63, 0.04%, 0, 0, 4, 176.58, 30212, 3060
183, 0, 125, 168, 164, 63, 0.04%, 0, 0, 4, 175.86, 31109, 3060
188, 0, 125, 170, 166, 63, 0.04%, 0, 0, 4, 174.23, 31999, 3061
193, 0, 125, 172, 168, 63, 0.04%, 0, 0, 4, 174.64, 32898, 3064
198, 0, 78, 172, 167, 73, 0.04%, 0, 0, 4, 179.46, 33809, 3064
204, 0, 150, 174, 167, 71, 0.04%, 0, 0, 4, 177.82, 34736, 3064
209, 0, 150, 175, 168, 71, 0.04%, 0, 0, 5, 181.07, 35687, 3064
214, 0, 149, 175, 167, 70, 0.04%, 0, 0, 5, 183.75, 36627, 3064
219, 0, 149, 177, 169, 70, 0.04%, 0, 0, 5, 179.76, 37564, 3073
224, 0, 170, 178, 169, 71, 0.04%, 0, 0, 5, 185.75, 38516, 3073
230, 0, 170, 185, 176, 71, 0.04%, 0, 0, 5, 177.99, 39423, 3101
235, 0, 170, 193, 184, 71, 0.04%, 0, 0, 5, 175.63, 40307, 3105
240, 0, 170, 198, 189, 71, 0.04%, 0, 0, 5, 175.23, 41200, 3111
245, 0, 170, 199, 190, 71, 0.04%, 0, 0, 5, 174.42, 42095, 3111
250, 0, 170, 203, 194, 71, 0.04%, 0, 0, 5, 173.64, 42993, 3136
255, 0, 170, 204, 195, 71, 0.04%, 0, 0, 5, 174.64, 43891, 3138
260, 0, 170, 204, 195, 71, 0.04%, 0, 0, 5, 174.90, 44791, 3138
265, 0, 170, 204, 195, 71, 0.04%, 0, 0, 5, 176.38, 45691, 3138
271, 0, 170, 204, 195, 71, 0.04%, 0, 0, 5, 176.48, 46591, 3138
276, 0, 170, 204, 195, 71, 0.04%, 0, 0, 5, 176.95, 47491, 3138
281, 0, 170, 205, 196, 71, 0.04%, 0, 0, 5, 176.24, 48398, 3138
286, 0, 170, 205, 196, 71, 0.04%, 0, 0, 5, 176.16, 49298, 3138
291, 0, 170, 206, 197, 71, 0.04%, 0, 0, 5, 175.96, 50196, 3138
296, 0, 170, 206, 197, 71, 0.04%, 0, 0, 5, 177.09, 51096, 3138
301, 0, 203, 206, 196, 82, 0.04%, 0, 0, 5, 170.84, 51956, 3138
306, 0, 106, 206, 195, 81, 0.04%, 0, 0, 5, 184.09, 52930, 3138
311, 0, 106, 207, 196, 81, 0.04%, 0, 0, 5, 182.61, 53885, 3139
317, 0, 178, 208, 196, 81, 0.04%, 0, 0, 5, 185.99, 54837, 3139
322, 0, 178, 210, 198, 81, 0.04%, 0, 0, 6, 185.43, 55774, 3139
327, 0, 21, 211, 198, 80, 0.04%, 0, 0, 6, 182.39, 56712, 3139
332, 0, 138, 212, 198, 81, 0.04%, 0, 0, 6, 181.78, 57656, 3141
337, 0, 70, 213, 198, 78, 0.04%, 0, 0, 6, 183.56, 58579, 3154
342, 0, 212, 213, 197, 78, 0.04%, 0, 0, 6, 185.87, 59494, 3154
347, 0, 117, 213, 196, 77, 0.04%, 0, 0, 6, 183.86, 60449, 3154
352, 0, 151, 213, 195, 76, 0.04%, 0, 0, 6, 190.86, 61420, 3154
357, 0, 93, 214, 195, 75, 0.04%, 0, 0, 6, 188.52, 62385, 3154
362, 0, 201, 214, 194, 74, 0.04%, 0, 0, 6, 189.06, 63345, 3154
367, 0, 201, 215, 195, 74, 0.04%, 0, 0, 6, 189.30, 64314, 3163
372, 0, 210, 218, 197, 74, 0.04%, 0, 0, 6, 183.77, 65226, 3171
378, 0, 65, 219, 197, 74, 0.04%, 0, 0, 6, 185.05, 66157, 3171
383, 0, 65, 226, 204, 74, 0.04%, 0, 0, 6, 176.99, 67060, 3173
388, 0, 65, 227, 205, 74, 0.04%, 0, 0, 6, 175.23, 67958, 3173
393, 0, 65, 227, 205, 74, 0.04%, 0, 0, 6, 175.15, 68858, 3173
398, 0, 65, 227, 205, 74, 0.04%, 0, 0, 6, 175.01, 69758, 3173
403, 0, 65, 227, 205, 74, 0.04%, 0, 0, 6, 175.31, 70658, 3173
408, 0, 65, 229, 207, 74, 0.04%, 0, 0, 6, 174.30, 71557, 3175
413, 0, 65, 232, 210, 74, 0.04%, 0, 0, 6, 173.86, 72442, 3206
419, 0, 65, 232, 210, 74, 0.04%, 0, 0, 6, 174.77, 73342, 3206
424, 0, 65, 232, 210, 74, 0.04%, 0, 0, 6, 175.03, 74239, 3206
429, 0, 65, 233, 211, 74, 0.04%, 0, 0, 6, 174.79, 75137, 3206
434, 0, 65, 233, 211, 74, 0.04%, 0, 0, 6, 174.86, 76037, 3206
439, 0, 65, 245, 223, 74, 0.04%, 0, 0, 6, 177.08, 76940, 3236
444, 0, 241, 249, 225, 84, 0.04%, 0, 0, 6, 171.14, 77827, 3244
449, 0, 241, 263, 239, 84, 0.04%, 0, 0, 6, 171.66, 78684, 3281
454, 0, 241, 275, 251, 84, 0.04%, 0, 0, 6, 171.38, 79569, 3297
460, 0, 241, 286, 262, 84, 0.04%, 0, 0, 6, 171.26, 80465, 3321
465, 0, 241, 291, 267, 84, 0.04%, 0, 0, 6, 175.23, 81364, 3326
470, 0, 241, 294, 270, 84, 0.04%, 0, 0, 6, 175.48, 82267, 3329
475, 0, 241, 297, 273, 84, 0.04%, 0, 0, 6, 175.30, 83164, 3331
480, 0, 241, 301, 277, 84, 0.04%, 0, 0, 6, 173.79, 84059, 3356
485, 0, 241, 302, 278, 84, 0.04%, 0, 0, 6, 175.60, 84966, 3358
490, 0, 241, 305, 281, 84, 0.04%, 0, 0, 6, 175.72, 85869, 3360
496, 0, 241, 306, 282, 84, 0.04%, 0, 0, 6, 175.83, 86770, 3361
501, 0, 241, 306, 282, 84, 0.04%, 0, 0, 6, 174.95, 87664, 3361
506, 0, 241, 308, 284, 84, 0.04%, 0, 0, 6, 176.36, 88566, 3363
511, 0, 241, 311, 287, 84, 0.04%, 0, 0, 6, 176.73, 89475, 3441
516, 0, 241, 313, 289, 84, 0.04%, 0, 0, 6, 176.61, 90383, 3442
521, 0, 300, 316, 291, 114, 0.04%, 0, 0, 6, 167.19, 91273, 3447
526, 0, 284, 324, 297, 112, 0.04%, 0, 0, 6, 172.26, 92148, 3555
532, 0, 284, 340, 313, 112, 0.04%, 0, 0, 6, 177.15, 93070, 3611
537, 0, 284, 352, 325, 112, 0.04%, 0, 0, 6, 177.97, 93979, 3628
542, 0, 284, 365, 338, 112, 0.04%, 0, 0, 6, 178.57, 94883, 3646
547, 0, 284, 370, 343, 112, 0.04%, 0, 0, 6, 182.37, 95812, 3647
552, 0, 284, 380, 353, 112, 0.04%, 0, 0, 6, 181.16, 96740, 3660
557, 0, 284, 389, 362, 112, 0.04%, 0, 0, 6, 180.65, 97658, 3669
562, 0, 284, 398, 371, 112, 0.04%, 0, 0, 6, 180.08, 98579, 3678
567, 0, 284, 410, 383, 112, 0.04%, 0, 0, 6, 180.24, 99515, 3692
573, 0, 284, 418, 391, 112, 0.04%, 0, 0, 6, 181.20, 100447, 3698
578, 0, 284, 426, 399, 112, 0.04%, 0, 0, 6, 181.01, 101376, 3728
583, 0, 284, 434, 407, 112, 0.04%, 0, 0, 6, 180.26, 102296, 3736
588, 0, 284, 439, 412, 112, 0.04%, 0, 0, 6, 181.45, 103228, 3738
593, 0, 284, 442, 415, 112, 0.04%, 0, 0, 6, 183.14, 104164, 3738
598, 0, 284, 447, 420, 112, 0.04%, 0, 0, 6, 182.85, 105096, 3742
603, 0, 284, 462, 435, 112, 0.04%, 0, 0, 6, 178.63, 106013, 3750
608, 0, 284, 477, 450, 112, 0.04%, 0, 0, 6, 179.00, 106934, 3763
614, 0, 284, 494, 467, 112, 0.04%, 0, 0, 6, 175.77, 107842, 3773
619, 0, 284, 510, 483, 112, 0.05%, 0, 0, 6, 176.73, 108725, 3787
624, 0, 284, 525, 498, 112, 0.05%, 0, 0, 6, 175.71, 109632, 3792
629, 0, 284, 537, 510, 112, 0.05%, 0, 0, 6, 177.42, 110547, 3797
634, 0, 139, 543, 514, 155, 0.05%, 0, 0, 6, 174.16, 111414, 3808
639, 0, 139, 543, 514, 155, 0.05%, 0, 0, 6, 189.27, 112398, 3808
644, 0, 357, 546, 516, 155, 0.05%, 0, 0, 6, 180.10, 113293, 3812
649, 0, 357, 560, 530, 155, 0.05%, 0, 0, 6, 179.03, 114195, 3816
654, 0, 357, 563, 533, 155, 0.05%, 0, 0, 6, 182.96, 115129, 3820
659, 0, 357, 579, 549, 155, 0.05%, 0, 0, 6, 178.12, 116025, 3841
664, 0, 357, 584, 554, 155, 0.05%, 0, 0, 6, 179.55, 116946, 3841
669, 0, 249, 590, 558, 163, 0.05%, 0, 0, 6, 170.44, 117810, 3843
675, 0, 194, 590, 556, 161, 0.05%, 0, 0, 6, 182.01, 118749, 3843
680, 0, 194, 590, 556, 161, 0.05%, 0, 0, 6, 190.09, 119734, 3843
685, 0, 194, 603, 569, 161, 0.05%, 0, 0, 6, 180.96, 120627, 3851
690, 0, 194, 608, 574, 161, 0.05%, 0, 0, 6, 180.91, 121560, 3856
695, 0, 264, 620, 585, 161, 0.05%, 0, 0, 6, 174.11, 122446, 3869
700, 0, 264, 623, 588, 161, 0.05%, 0, 0, 6, 179.48, 123361, 3869
705, 0, 430, 629, 592, 166, 0.05%, 0, 0, 6, 175.30, 124251, 3871
710, 0, 430, 639, 602, 166, 0.05%, 0, 0, 6, 178.78, 125176, 3871
715, 0, 430, 644, 607, 166, 0.05%, 0, 0, 6, 181.50, 126108, 3871
721, 0, 430, 649, 612, 166, 0.05%, 0, 0, 6, 181.93, 127037, 3871
726, 0, 430, 654, 617, 166, 0.05%, 0, 0, 6, 181.30, 127972, 3876
731, 0, 430, 658, 621, 166, 0.05%, 0, 0, 6, 182.55, 128918, 3879
736, 0, 430, 660, 623, 166, 0.05%, 0, 0, 6, 184.23, 129847, 3879
741, 0, 430, 661, 624, 166, 0.05%, 0, 0, 6, 182.02, 130769, 3879
746, 0, 430, 666, 629, 166, 0.05%, 0, 0, 6, 181.99, 131692, 3894
751, 0, 430, 667, 630, 166, 0.05%, 0, 0, 6, 183.81, 132635, 3896
756, 0, 430, 669, 632, 166, 0.05%, 0, 0, 6, 184.30, 133573, 3896
761, 0, 430, 672, 635, 166, 0.05%, 0, 0, 6, 183.87, 134506, 3900
766, 0, 430, 674, 637, 166, 0.05%, 0, 0, 6, 184.38, 135435, 3900
772, 0, 430, 675, 638, 166, 0.05%, 0, 0, 6, 184.62, 136375, 3900
777, 0, 430, 675, 638, 166, 0.05%, 0, 0, 6, 184.28, 137308, 3900
782, 0, 667, 679, 640, 165, 0.05%, 0, 0, 7, 179.22, 138176, 3900
787, 0, 611, 687, 647, 164, 0.05%, 0, 0, 7, 178.09, 139083, 3917
792, 0, 611, 690, 650, 164, 0.05%, 0, 0, 7, 180.85, 140001, 3918
797, 0, 611, 695, 655, 164, 0.05%, 0, 0, 7, 180.31, 140930, 3921
802, 0, 611, 699, 659, 164, 0.05%, 0, 0, 7, 181.34, 141849, 3924
807, 0, 611, 700, 660, 164, 0.05%, 0, 0, 7, 182.17, 142783, 3924
812, 0, 611, 701, 661, 164, 0.05%, 0, 0, 7, 182.67, 143720, 3925
817, 0, 611, 703, 663, 164, 0.05%, 0, 0, 7, 183.76, 144652, 3925
822, 0, 611, 705, 665, 164, 0.05%, 0, 0, 7, 183.70, 145578, 3929
828, 0, 611, 706, 666, 164, 0.05%, 0, 0, 7, 183.76, 146509, 3931
833, 0, 611, 708, 668, 164, 0.05%, 0, 0, 7, 183.03, 147438, 3931
838, 0, 611, 708, 668, 164, 0.05%, 0, 0, 7, 183.93, 148368, 3931
843, 0, 611, 710, 670, 164, 0.05%, 0, 0, 7, 182.32, 149288, 3933
848, 0, 611, 711, 671, 164, 0.05%, 0, 0, 7, 182.46, 150216, 3933
853, 0, 611, 713, 673, 164, 0.05%, 0, 0, 7, 182.78, 151139, 3933
858, 0, 611, 723, 683, 164, 0.05%, 0, 0, 7, 180.27, 152070, 3935
863, 0, 611, 725, 685, 164, 0.05%, 0, 0, 7, 183.28, 153005, 3942
868, 0, 336, 727, 685, 171, 0.05%, 0, 0, 7, 176.40, 153879, 3942
873, 0, 695, 728, 685, 166, 0.05%, 0, 0, 7, 178.73, 154766, 3942
878, 0, 608, 732, 687, 165, 0.05%, 0, 0, 7, 176.72, 155665, 3946
883, 0, 35, 732, 686, 164, 0.05%, 0, 0, 7, 190.62, 156660, 3946
889, 0, 550, 732, 685, 163, 0.05%, 0, 0, 7, 184.42, 157610, 3946
894, 0, 5, 734, 686, 162, 0.05%, 0, 0, 7, 184.91, 158565, 3946
899, 0, 5, 734, 686, 162, 0.05%, 0, 0, 7, 183.59, 159491, 3946
904, 0, 632, 736, 687, 161, 0.05%, 0, 0, 7, 182.58, 160411, 3946
909, 0, 415, 739, 689, 164, 0.05%, 0, 0, 7, 178.16, 161318, 3946
914, 0, 367, 744, 693, 163, 0.05%, 0, 0, 7, 179.35, 162230, 3946
919, 0, 367, 745, 694, 163, 0.05%, 0, 0, 7, 182.15, 163161, 3946
924, 0, 367, 750, 699, 163, 0.05%, 0, 0, 7, 182.94, 164084, 3946
929, 0, 367, 752, 701, 163, 0.05%, 0, 0, 7, 184.24, 165010, 3946
934, 0, 367, 752, 701, 163, 0.05%, 0, 0, 7, 185.08, 165946, 3946
939, 0, 367, 753, 702, 163, 0.05%, 0, 0, 7, 184.30, 166874, 3946
944, 0, 367, 755, 704, 163, 0.05%, 0, 0, 7, 184.58, 167806, 3946
949, 0, 367, 756, 705, 163, 0.05%, 0, 0, 7, 185.10, 168737, 3946
954, 0, 367, 756, 705, 163, 0.05%, 0, 0, 7, 185.52, 169670, 3946
959, 0, 367, 757, 706, 163, 0.05%, 0, 0, 7, 185.71, 170604, 3946
964, 0, 367, 757, 706, 163, 0.05%, 0, 0, 7, 185.53, 171534, 3946
969, 0, 367, 758, 707, 163, 0.05%, 0, 0, 7, 185.53, 172471, 3946
975, 0, 367, 761, 710, 163, 0.05%, 0, 0, 7, 185.07, 173401, 3946
980, 0, 367, 761, 710, 163, 0.05%, 0, 0, 7, 185.30, 174334, 3946
985, 0, 232, 761, 709, 164, 0.05%, 0, 0, 7, 179.66, 175215, 3946
990, 0, 232, 761, 709, 164, 0.05%, 0, 0, 7, 184.81, 176151, 3946
995, 0, 433, 762, 709, 163, 0.05%, 0, 0, 7, 182.68, 177062, 3946
1000, 0, 433, 773, 720, 163, 0.05%, 0, 0, 7, 180.56, 177980, 3949
1005, 0, 433, 774, 721, 163, 0.05%, 0, 0, 7, 182.40, 178903, 3951
1010, 0, 657, 781, 726, 164, 0.05%, 0, 0, 7, 179.92, 179794, 3955
1015, 0, 657, 783, 728, 164, 0.05%, 0, 0, 7, 178.31, 180699, 3957
1020, 0, 661, 787, 731, 165, 0.05%, 0, 0, 7, 177.11, 181598, 3962
1025, 0, 247, 787, 730, 163, 0.05%, 0, 0, 7, 181.35, 182499, 3962
1030, 0, 247, 787, 730, 163, 0.05%, 0, 0, 7, 182.80, 183431, 3962
1035, 0, 404, 787, 728, 161, 0.05%, 0, 0, 7, 182.23, 184366, 3962
1040, 0, 664, 790, 730, 158, 0.05%, 0, 0, 7, 178.58, 185261, 3962
1046, 0, 212, 790, 729, 157, 0.05%, 0, 0, 7, 182.03, 186187, 3962
1051, 0, 212, 790, 729, 157, 0.05%, 0, 0, 7, 183.26, 187121, 3962
1056, 0, 212, 790, 729, 157, 0.05%, 0, 0, 7, 183.58, 188038, 3962
1061, 0, 212, 790, 729, 157, 0.05%, 0, 0, 7, 184.23, 188965, 3962
1066, 0, 131, 790, 729, 157, 0.05%, 0, 0, 7, 191.64, 189925, 3962
1071, 0, 376, 790, 728, 156, 0.05%, 0, 0, 7, 182.61, 190874, 3962
1076, 0, 689, 792, 729, 155, 0.05%, 0, 0, 7, 180.17, 191799, 3962
1081, 0, 410, 793, 729, 154, 0.05%, 0, 0, 7, 176.96, 192676, 3964
1086, 0, 230, 793, 728, 154, 0.05%, 0, 0, 7, 183.61, 193593, 3964
1091, 0, 230, 795, 730, 154, 0.05%, 0, 0, 7, 180.74, 194498, 4172
1096, 0, 703, 798, 731, 155, 0.05%, 0, 0, 7, 180.73, 195407, 4172
1101, 0, 703, 802, 735, 155, 0.05%, 0, 0, 7, 178.89, 196323, 4172
1106, 0, 703, 804, 737, 155, 0.05%, 0, 0, 7, 179.19, 197240, 4173
1112, 0, 703, 806, 739, 155, 0.05%, 0, 0, 7, 180.45, 198160, 4173
1117, 0, 703, 807, 740, 155, 0.05%, 0, 0, 7, 181.01, 199085, 4173
1122, 0, 703, 809, 742, 155, 0.05%, 0, 0, 7, 180.06, 199993, 4175
1127, 0, 703, 810, 743, 155, 0.05%, 0, 0, 7, 180.77, 200918, 4175
1132, 0, 703, 811, 744, 155, 0.05%, 0, 0, 7, 180.25, 201828, 4175
1137, 0, 703, 812, 745, 155, 0.05%, 0, 0, 7, 167.57, 202702, 4175
1142, 0, 703, 815, 748, 155, 0.05%, 0, 0, 7, 177.31, 203623, 4175
1147, 0, 703, 817, 750, 155, 0.05%, 0, 0, 7, 180.83, 204546, 4176
1152, 0, 703, 817, 750, 155, 0.05%, 0, 0, 7, 182.16, 205467, 4176
1157, 0, 703, 817, 750, 155, 0.05%, 0, 0, 7, 182.61, 206397, 4176
1162, 0, 703, 817, 750, 155, 0.05%, 0, 0, 7, 183.28, 207330, 4176
1167, 0, 703, 817, 750, 155, 0.05%, 0, 0, 7, 183.64, 208259, 4176
1173, 0, 789, 823, 755, 157, 0.05%, 0, 0, 7, 178.89, 209137, 4181
1178, 0, 789, 825, 757, 157, 0.05%, 0, 0, 7, 182.49, 210069, 4182
1183, 0, 789, 829, 761, 157, 0.05%, 0, 0, 7, 183.26, 211000, 4185
1188, 0, 789, 832, 764, 157, 0.05%, 0, 0, 7, 184.17, 211942, 4185
1193, 0, 789, 832, 764, 157, 0.05%, 0, 0, 7, 184.77, 212875, 4185
1198, 0, 789, 833, 765, 157, 0.05%, 0, 0, 7, 183.55, 213803, 4185
1203, 0, 789, 837, 769, 157, 0.05%, 0, 0, 7, 182.24, 214719, 4188
1208, 0, 789, 837, 769, 157, 0.05%, 0, 0, 7, 183.97, 215655, 4188
1213, 0, 789, 839, 771, 157, 0.05%, 0, 0, 7, 183.72, 216587, 4188
1218, 0, 789, 841, 773, 157, 0.05%, 0, 0, 7, 183.63, 217519, 4190
1223, 0, 789, 842, 774, 157, 0.05%, 0, 0, 7, 184.09, 218450, 4190
1228, 0, 789, 842, 774, 157, 0.05%, 0, 0, 7, 184.02, 219383, 4190
1233, 0, 789, 842, 774, 157, 0.05%, 0, 0, 7, 183.32, 220313, 4190
1239, 0, 789, 842, 774, 157, 0.05%, 0, 0, 7, 182.83, 221246, 4190
1244, 0, 253, 843, 773, 158, 0.05%, 0, 0, 7, 174.00, 222126, 4190
1249, 0, 96, 843, 772, 157, 0.05%, 0, 0, 7, 179.22, 223013, 4190
1254, 0, 96, 844, 773, 157, 0.05%, 0, 0, 7, 182.02, 223962, 4190
1259, 0, 843, 844, 772, 157, 0.05%, 0, 0, 7, 184.21, 224877, 4190
1264, 0, 400, 844, 770, 155, 0.05%, 0, 0, 7, 185.49, 225842, 4190
1269, 0, 206, 844, 769, 154, 0.05%, 0, 0, 7, 196.07, 226858, 4190
1274, 0, 206, 845, 770, 154, 0.05%, 0, 0, 7, 189.31, 227836, 4193
1280, 0, 794, 845, 769, 153, 0.05%, 0, 0, 7, 188.14, 228752, 4193
1285, 0, 839, 845, 768, 152, 0.05%, 0, 0, 7, 182.43, 229669, 4193
1290, 0, 700, 850, 772, 151, 0.05%, 0, 0, 7, 183.47, 230601, 4220
1295, 0, 700, 856, 778, 151, 0.05%, 0, 0, 7, 182.74, 231525, 4227
1300, 0, 700, 856, 778, 151, 0.05%, 0, 0, 7, 185.02, 232461, 4227
1305, 0, 700, 857, 779, 151, 0.05%, 0, 0, 7, 186.13, 233401, 4227
1310, 0, 700, 857, 779, 151, 0.05%, 0, 0, 7, 186.82, 234337, 4227
1315, 0, 700, 858, 780, 151, 0.05%, 0, 0, 7, 186.16, 235268, 4227
1320, 0, 700, 859, 781, 151, 0.05%, 0, 0, 7, 185.94, 236199, 4227
1325, 0, 700, 861, 783, 151, 0.05%, 0, 0, 7, 184.84, 237122, 4232
1330, 0, 700, 863, 785, 151, 0.05%, 0, 0, 7, 186.12, 238063, 4234
1335, 0, 700, 864, 786, 151, 0.05%, 0, 0, 7, 185.59, 239030, 4234
1340, 0, 700, 866, 788, 151, 0.05%, 0, 0, 7, 185.79, 239959, 4234
1345, 0, 700, 866, 788, 151, 0.05%, 0, 0, 7, 186.38, 240931, 4234
1350, 0, 700, 867, 789, 151, 0.05%, 0, 0, 7, 186.42, 241865, 4234
1356, 0, 700, 869, 791, 151, 0.05%, 0, 0, 7, 185.99, 242831, 4234
1361, 0, 405, 870, 791, 156, 0.05%, 0, 0, 7, 183.07, 243730, 4234
1366, 0, 137, 870, 790, 155, 0.05%, 0, 0, 7, 188.14, 244718, 4234
1371, 0, 342, 870, 789, 154, 0.05%, 0, 0, 7, 183.71, 245662, 4234
1376, 0, 863, 877, 795, 153, 0.05%, 0, 0, 8, 180.57, 246560, 4237
1381, 0, 863, 878, 796, 153, 0.05%, 0, 0, 8, 182.19, 247491, 4247
1386, 0, 863, 880, 798, 153, 0.05%, 0, 0, 8, 181.79, 248408, 4247
1391, 0, 863, 881, 799, 153, 0.05%, 0, 0, 8, 182.21, 249342, 4247
1397, 0, 863, 882, 800, 153, 0.05%, 0, 0, 8, 182.61, 250273, 4247
1402, 0, 863, 882, 800, 153, 0.05%, 0, 0, 8, 180.61, 251203, 4247
1407, 0, 863, 883, 801, 153, 0.05%, 0, 0, 8, 181.43, 252125, 4247
1412, 0, 863, 884, 802, 153, 0.05%, 0, 0, 8, 182.80, 253059, 4247
1417, 0, 863, 884, 802, 153, 0.05%, 0, 0, 8, 183.06, 253992, 4247
1422, 0, 863, 884, 802, 153, 0.05%, 0, 0, 8, 183.09, 254925, 4247
1427, 0, 863, 884, 802, 153, 0.05%, 0, 0, 8, 183.22, 255858, 4247
1432, 0, 863, 886, 804, 153, 0.05%, 0, 0, 8, 182.07, 256784, 4247
1437, 0, 863, 886, 804, 153, 0.05%, 0, 0, 8, 177.92, 257678, 4247
1442, 0, 863, 887, 805, 153, 0.05%, 0, 0, 8, 175.72, 258573, 4247
1447, 0, 863, 898, 816, 153, 0.05%, 0, 0, 8, 173.04, 259452, 4249
1452, 0, 863, 905, 823, 153, 0.05%, 0, 0, 8, 174.29, 260323, 4249
1458, 0, 413, 907, 824, 152, 0.05%, 0, 0, 8, 173.40, 261195, 4250
1463, 0, 458, 908, 823, 150, 0.05%, 0, 0, 8, 177.69, 262098, 4250
1468, 0, 561, 909, 823, 149, 0.05%, 0, 0, 8, 181.54, 263002, 4250
1473, 0, 785, 912, 825, 148, 0.05%, 0, 0, 8, 179.09, 263903, 4251
1478, 0, 885, 913, 825, 148, 0.05%, 0, 0, 9, 176.67, 264776, 4251
1483, 0, 255, 913, 823, 146, 0.05%, 0, 0, 9, 173.99, 265688, 4251
1488, 0, 296, 914, 823, 145, 0.05%, 0, 0, 9, 181.21, 266630, 4251
1493, 0, 108, 914, 821, 143, 0.05%, 0, 0, 9, 184.64, 267547, 4251
1499, 0, 329, 914, 820, 142, 0.05%, 0, 0, 9, 184.14, 268517, 4251
1504, 0, 683, 914, 819, 141, 0.05%, 0, 0, 9, 180.66, 269416, 4251
1509, 0, 111, 914, 818, 140, 0.05%, 0, 0, 9, 184.19, 270376, 4251
1514, 0, 614, 916, 818, 138, 0.05%, 0, 0, 9, 180.96, 271300, 4251
1519, 0, 370, 917, 818, 137, 0.05%, 0, 0, 9, 179.06, 272195, 4251
1524, 0, 681, 917, 816, 135, 0.05%, 0, 0, 9, 182.09, 273138, 4251
1529, 0, 672, 920, 818, 134, 0.05%, 0, 0, 9, 181.72, 274078, 4251
1535, 0, 649, 922, 819, 133, 0.05%, 0, 0, 9, 181.08, 274986, 4251
1540, 0, 844, 922, 818, 132, 0.05%, 0, 0, 9, 182.63, 275908, 4251
1545, 0, 548, 922, 817, 131, 0.05%, 0, 0, 9, 182.09, 276814, 4251
1550, 0, 98, 922, 816, 130, 0.05%, 0, 0, 9, 182.66, 277767, 4251
1555, 0, 782, 922, 814, 128, 0.05%, 0, 0, 9, 179.38, 278659, 4251
1560, 0, 62, 922, 813, 127, 0.05%, 0, 0, 9, 178.27, 279573, 4251
1565, 0, 62, 922, 813, 127, 0.05%, 0, 0, 9, 180.09, 280493, 4251
1571, 0, 691, 923, 812, 125, 0.05%, 0, 0, 9, 179.57, 281424, 4251
1576, 0, 325, 924, 812, 124, 0.05%, 0, 0, 9, 180.00, 282357, 4251
1581, 0, 916, 926, 813, 123, 0.05%, 0, 0, 9, 180.88, 283266, 4251
1586, 0, 862, 926, 811, 121, 0.05%, 0, 0, 9, 181.16, 284209, 4251
1591, 0, 862, 931, 816, 121, 0.05%, 0, 0, 9, 176.86, 285111, 4251
1596, 0, 862, 933, 818, 121, 0.05%, 0, 0, 9, 174.96, 286010, 4251
1601, 0, 862, 934, 819, 121, 0.05%, 0, 0, 9, 177.49, 286911, 4251
1606, 0, 862, 937, 822, 121, 0.05%, 0, 0, 9, 177.23, 287814, 4266
1612, 0, 862, 937, 822, 121, 0.05%, 0, 0, 9, 177.99, 288714, 4266
1617, 0, 862, 937, 822, 121, 0.05%, 0, 0, 9, 178.55, 289620, 4266
1622, 0, 862, 940, 825, 121, 0.05%, 0, 0, 9, 177.54, 290520, 4266
1627, 0, 862, 941, 826, 121, 0.05%, 0, 0, 9, 177.14, 291415, 4266
1632, 0, 862, 942, 827, 121, 0.05%, 0, 0, 9, 177.33, 292313, 4266
1637, 0, 862, 943, 828, 121, 0.05%, 0, 0, 9, 178.52, 293220, 4266
1642, 0, 862, 943, 828, 121, 0.05%, 0, 0, 9, 180.08, 294156, 4266
1647, 0, 862, 945, 830, 121, 0.05%, 0, 0, 9, 179.17, 295064, 4266
1652, 0, 862, 945, 830, 121, 0.05%, 0, 0, 9, 179.31, 295979, 4266
1657, 0, 862, 946, 831, 121, 0.05%, 0, 0, 9, 177.53, 296880, 4269
1662, 0, 105, 946, 830, 123, 0.05%, 0, 0, 9, 180.54, 297755, 4269
1667, 0, 105, 947, 831, 123, 0.05%, 0, 0, 9, 183.26, 298692, 4269
1672, 0, 946, 948, 831, 123, 0.05%, 0, 0, 9, 179.07, 299575, 4269
1678, 0, 120, 948, 829, 121, 0.05%, 0, 0, 9, 175.70, 300475, 4269
1683, 0, 423, 948, 828, 120, 0.05%, 0, 0, 9, 174.29, 301411, 4269
1688, 0, 197, 948, 827, 119, 0.05%, 0, 0, 9, 188.19, 302358, 4269
1693, 0, 197, 950, 829, 119, 0.05%, 0, 0, 9, 186.35, 303315, 4269
1698, 0, 934, 954, 832, 118, 0.05%, 0, 0, 9, 177.42, 304210, 4270
1703, 0, 934, 956, 834, 118, 0.05%, 0, 0, 9, 179.00, 305136, 4270
1708, 0, 934, 956, 834, 118, 0.05%, 0, 0, 9, 179.43, 306045, 4270
1713, 0, 934, 957, 835, 118, 0.05%, 0, 0, 9, 177.46, 306943, 4270
1718, 0, 934, 958, 836, 118, 0.05%, 0, 0, 9, 177.31, 307841, 4274
1723, 0, 934, 959, 837, 118, 0.05%, 0, 0, 9, 177.77, 308742, 4274
1728, 0, 934, 960, 838, 118, 0.05%, 0, 0, 9, 177.93, 309640, 4274
1734, 0, 934, 961, 839, 118, 0.05%, 0, 0, 9, 179.06, 310550, 4274
1739, 0, 934, 961, 839, 118, 0.05%, 0, 0, 9, 179.13, 311465, 4274
1744, 0, 934, 961, 839, 118, 0.05%, 0, 0, 9, 177.91, 312365, 4274
1749, 0, 934, 961, 839, 118, 0.05%, 0, 0, 9, 179.32, 313281, 4274
1754, 0, 861, 961, 837, 119, 0.05%, 0, 0, 9, 179.85, 314174, 4274
1759, 0, 860, 963, 837, 117, 0.05%, 0, 0, 9, 175.89, 315072, 4274
1764, 0, 919, 963, 836, 116, 0.05%, 0, 0, 9, 182.92, 316022, 4274
1769, 0, 84, 966, 838, 115, 0.05%, 0, 0, 9, 193.67, 317005, 4274
1775, 0, 905, 968, 839, 114, 0.05%, 0, 0, 9, 177.71, 317914, 4274
1780, 0, 905, 969, 840, 114, 0.05%, 0, 0, 9, 175.52, 318812, 4274
1785, 0, 905, 971, 842, 114, 0.05%, 0, 0, 9, 174.93, 319717, 4274
1790, 0, 905, 972, 843, 114, 0.05%, 0, 0, 9, 175.22, 320615, 4274
1795, 0, 905, 972, 843, 114, 0.05%, 0, 0, 9, 175.25, 321515, 4274
1800, 0, 905, 974, 845, 114, 0.05%, 0, 0, 9, 175.13, 322411, 4274
1805, 0, 905, 974, 845, 114, 0.05%, 0, 0, 9, 176.17, 323308, 4274
1810, 0, 905, 974, 845, 114, 0.05%, 0, 0, 9, 177.21, 324208, 4274
1816, 0, 905, 974, 845, 114, 0.05%, 0, 0, 9, 177.40, 325108, 4274
1821, 0, 905, 974, 845, 114, 0.05%, 0, 0, 9, 177.46, 326008, 4274
1826, 0, 905, 975, 846, 114, 0.05%, 0, 0, 9, 177.50, 326906, 4274
1831, 0, 836, 975, 845, 113, 0.05%, 0, 0, 9, 179.85, 327830, 4274
1836, 0, 823, 978, 847, 112, 0.05%, 0, 0, 9, 178.41, 328750, 4277
1841, 0, 823, 980, 849, 112, 0.05%, 0, 0, 9, 176.91, 329649, 4277
1846, 0, 823, 984, 853, 112, 0.05%, 0, 0, 9, 177.03, 330553, 4277
1851, 0, 823, 985, 854, 112, 0.05%, 0, 0, 9, 178.23, 331460, 4277
1856, 0, 823, 985, 854, 112, 0.05%, 0, 0, 9, 178.28, 332360, 4277
1861, 0, 823, 986, 855, 112, 0.05%, 0, 0, 9, 177.84, 333258, 4277
1866, 0, 823, 986, 855, 112, 0.05%, 0, 0, 9, 176.58, 334155, 4277
1871, 0, 823, 986, 855, 112, 0.05%, 0, 0, 9, 177.18, 335055, 4277
1877, 0, 823, 986, 855, 112, 0.05%, 0, 0, 9, 177.26, 335955, 4277
1882, 0, 823, 986, 855, 112, 0.05%, 0, 0, 9, 178.23, 336861, 4277
1887, 0, 823, 986, 855, 112, 0.05%, 0, 0, 9, 178.27, 337764, 4277
1892, 0, 823, 986, 855, 112, 0.05%, 0, 0, 9, 179.18, 338670, 4277
1897, 0, 823, 986, 855, 112, 0.05%, 0, 0, 9, 178.85, 339576, 4277
1902, 0, 823, 986, 855, 112, 0.05%, 0, 0, 9, 179.43, 340482, 4277
1907, 0, 823, 986, 855, 112, 0.05%, 0, 0, 9, 180.06, 341397, 4277
1912, 0, 577, 987, 855, 112, 0.05%, 0, 0, 9, 182.23, 342256, 4277
1917, 0, 210, 989, 856, 111, 0.05%, 0, 0, 9, 182.90, 343183, 4310
1922, 0, 210, 989, 856, 111, 0.05%, 0, 0, 9, 183.79, 344116, 4310
1927, 0, 210, 991, 858, 111, 0.05%, 0, 0, 9, 182.47, 345033, 4325
1932, 0, 210, 991, 858, 111, 0.05%, 0, 0, 9, 183.49, 345969, 4325
1937, 0, 210, 991, 858, 111, 0.05%, 0, 0, 9, 183.76, 346899, 4325
1942, 0, 210, 993, 860, 111, 0.05%, 0, 0, 9, 184.08, 347834, 4327
1947, 0, 210, 994, 861, 111, 0.05%, 0, 0, 9, 184.11, 348762, 4327
1953, 0, 210, 996, 863, 111, 0.05%, 0, 0, 9, 183.01, 349694, 4331
1958, 0, 210, 997, 864, 111, 0.05%, 0, 0, 9, 183.53, 350622, 4333
1963, 0, 210, 997, 864, 111, 0.05%, 0, 0, 9, 183.75, 351576, 4333
1968, 0, 987, 998, 864, 119, 0.05%, 0, 0, 9, 184.12, 352485, 4333
1973, 0, 988, 998, 863, 119, 0.05%, 0, 0, 9, 191.94, 353421, 4333
1978, 0, 997, 998, 862, 118, 0.05%, 0, 0, 9, 189.01, 354383, 4333
1983, 0, 749, 998, 861, 117, 0.05%, 0, 0, 9, 182.42, 355325, 4333
1988, 0, 55, 999, 860, 115, 0.05%, 0, 0, 9, 181.17, 356231, 4333
1994, 0, 55, 999, 860, 115, 0.05%, 0, 0, 9, 158.75, 356996, 4333
1999, 0, 994, 1000, 860, 115, 0.05%, 0, 0, 9, 176.62, 357912, 4333
2004, 0, 1000, 1001, 860, 115, 0.05%, 0, 0, 9, 179.82, 358820, 4335
2009, 0, 992, 1001, 859, 114, 0.05%, 0, 0, 9, 183.17, 359753, 4335
2014, 0, 655, 1001, 857, 112, 0.05%, 0, 0, 9, 182.27, 360690, 4335
2019, 0, 28, 1001, 856, 111, 0.05%, 0, 0, 9, 183.76, 361610, 4335
2024, 0, 28, 1001, 856, 111, 0.05%, 0, 0, 9, 181.25, 362526, 4335
2029, 0, 991, 1001, 854, 109, 0.05%, 0, 0, 9, 183.86, 363448, 4335
2034, 0, 991, 1005, 858, 109, 0.05%, 0, 0, 9, 181.65, 364373, 4340
2039, 0, 991, 1006, 859, 109, 0.05%, 0, 0, 9, 181.61, 365298, 4341
2045, 0, 991, 1008, 861, 109, 0.05%, 0, 0, 9, 180.32, 366221, 4343
2050, 0, 991, 1009, 862, 109, 0.05%, 0, 0, 9, 183.09, 367152, 4357
2055, 0, 991, 1011, 864, 109, 0.05%, 0, 0, 9, 183.93, 368090, 4359
2060, 0, 991, 1011, 864, 109, 0.05%, 0, 0, 9, 184.92, 369026, 4359
2065, 0, 991, 1013, 866, 109, 0.05%, 0, 0, 9, 183.86, 369952, 4359
2070, 0, 991, 1015, 868, 109, 0.05%, 0, 0, 9, 182.96, 370881, 4363
2075, 0, 991, 1016, 869, 109, 0.05%, 0, 0, 9, 183.18, 371818, 4363
2080, 0, 991, 1017, 870, 109, 0.05%, 0, 0, 9, 183.23, 372749, 4364
2085, 0, 991, 1018, 871, 109, 0.05%, 0, 0, 9, 182.63, 373691, 4367
2090, 0, 104, 1018, 869, 118, 0.05%, 0, 0, 9, 183.74, 374613, 4367
2096, 0, 815, 1018, 867, 117, 0.05%, 0, 0, 9, 183.05, 375525, 4367
2101, 0, 1004, 1020, 868, 116, 0.05%, 0, 0, 9, 186.24, 376459, 4370
2106, 0, 1005, 1020, 867, 116, 0.05%, 0, 0, 9, 183.60, 377383, 4370
2111, 0, 1016, 1020, 866, 115, 0.05%, 0, 0, 9, 185.80, 378314, 4370
2116, 0, 1016, 1023, 869, 115, 0.05%, 0, 0, 9, 182.98, 379250, 4374
2121, 0, 1016, 1023, 869, 115, 0.05%, 0, 0, 9, 163.35, 379994, 4374
2126, 0, 1016, 1025, 871, 115, 0.05%, 0, 0, 9, 176.60, 380914, 4375
2131, 0, 1016, 1027, 873, 115, 0.05%, 0, 0, 9, 180.03, 381831, 4376
2136, 0, 1016, 1027, 873, 115, 0.05%, 0, 0, 9, 181.90, 382764, 4376
2141, 0, 1016, 1028, 874, 115, 0.05%, 0, 0, 9, 182.32, 383692, 4376
2146, 0, 1016, 1028, 874, 115, 0.05%, 0, 0, 9, 182.37, 384619, 4376
2151, 0, 1016, 1029, 875, 115, 0.05%, 0, 0, 9, 181.80, 385538, 4376
2157, 0, 1016, 1029, 875, 115, 0.05%, 0, 0, 9, 181.60, 386465, 4376
2162, 0, 1016, 1029, 875, 115, 0.05%, 0, 0, 9, 181.91, 387395, 4376
2167, 0, 1016, 1029, 875, 115, 0.05%, 0, 0, 9, 181.64, 388331, 4376
2172, 0, 152, 1029, 873, 114, 0.05%, 0, 0, 9, 190.69, 389284, 4376
2177, 0, 100, 1029, 872, 113, 0.05%, 0, 0, 9, 189.80, 390270, 4376
2182, 0, 100, 1029, 872, 113, 0.05%, 0, 0, 9, 191.91, 391253, 4376
2187, 0, 1017, 1035, 877, 112, 0.05%, 0, 0, 9, 185.28, 392195, 4390
2192, 0, 1017, 1036, 878, 112, 0.05%, 0, 0, 9, 184.19, 393126, 4394
2197, 0, 1017, 1036, 878, 112, 0.05%, 0, 0, 9, 183.92, 394059, 4394
2203, 0, 1017, 1036, 878, 112, 0.05%, 0, 0, 9, 183.94, 394992, 4394
2208, 0, 1017, 1037, 879, 112, 0.05%, 0, 0, 9, 183.15, 395926, 4395
2213, 0, 1017, 1038, 880, 112, 0.05%, 0, 0, 9, 183.17, 396857, 4396
2218, 0, 1017, 1038, 880, 112, 0.05%, 0, 0, 9, 183.21, 397790, 4396
2223, 0, 1017, 1038, 880, 112, 0.05%, 0, 0, 9, 183.70, 398726, 4396
2228, 0, 1017, 1039, 881, 112, 0.05%, 0, 0, 9, 182.34, 399651, 4397
2233, 0, 1017, 1039, 881, 112, 0.05%, 0, 0, 9, 182.78, 400584, 4397
2238, 0, 1017, 1039, 881, 112, 0.05%, 0, 0, 9, 182.94, 401517, 4397
2243, 0, 1017, 1039, 881, 112, 0.05%, 0, 0, 9, 183.35, 402453, 4397
2248, 0, 1017, 1039, 881, 112, 0.05%, 0, 0, 9, 183.36, 403386, 4397
2254, 0, 1017, 1039, 881, 112, 0.05%, 0, 0, 9, 183.03, 404319, 4397
2259, 0, 1019, 1039, 879, 118, 0.05%, 0, 0, 9, 184.42, 405215, 4397
2264, 0, 1001, 1039, 878, 117, 0.05%, 0, 0, 9, 181.81, 406131, 4397
2269, 0, 1032, 1039, 877, 116, 0.05%, 0, 0, 9, 177.57, 407031, 4397
2274, 0, 543, 1039, 876, 115, 0.05%, 0, 0, 9, 183.72, 408006, 4397
2279, 0, 1031, 1039, 875, 114, 0.05%, 0, 0, 9, 185.23, 408970, 4397
2284, 0, 1037, 1040, 875, 114, 0.05%, 0, 0, 9, 182.13, 409888, 4398
2289, 0, 1008, 1042, 876, 113, 0.05%, 0, 0, 9, 181.04, 410787, 4401
2294, 0, 1008, 1042, 876, 113, 0.05%, 0, 0, 9, 182.39, 411714, 4401
2299, 0, 1026, 1043, 876, 113, 0.05%, 0, 0, 9, 181.19, 412611, 4402
2305, 0, 1011, 1043, 875, 112, 0.05%, 0, 0, 9, 181.57, 413529, 4402
2310, 0, 73, 1045, 876, 111, 0.05%, 0, 0, 9, 183.26, 414479, 4402
2315, 0, 73, 1045, 876, 111, 0.05%, 0, 0, 9, 192.18, 415470, 4402
2320, 0, 1036, 1045, 875, 110, 0.05%, 0, 0, 9, 186.71, 416402, 4402
2325, 0, 1021, 1045, 874, 109, 0.05%, 0, 0, 9, 185.22, 417331, 4402
2330, 0, 824, 1045, 872, 107, 0.05%, 0, 0, 9, 183.83, 418272, 4402
2335, 0, 261, 1045, 871, 106, 0.05%, 0, 0, 9, 181.10, 419204, 4402
2340, 0, 748, 1049, 873, 104, 0.05%, 0, 0, 9, 179.48, 420107, 4402
2345, 0, 748, 1052, 876, 104, 0.05%, 0, 0, 9, 178.00, 421007, 4402
2350, 0, 748, 1052, 876, 104, 0.05%, 0, 0, 9, 179.26, 421916, 4402
2355, 0, 748, 1053, 877, 104, 0.05%, 0, 0, 9, 179.18, 422826, 4402
2361, 0, 748, 1054, 878, 104, 0.05%, 0, 0, 9, 180.55, 423751, 4402
2366, 0, 748, 1054, 878, 104, 0.05%, 0, 0, 9, 181.63, 424681, 4402
2371, 0, 748, 1054, 878, 104, 0.05%, 0, 0, 9, 181.32, 425590, 4402
2376, 0, 748, 1054, 878, 104, 0.05%, 0, 0, 9, 179.55, 426496, 4402
2381, 0, 748, 1055, 879, 104, 0.05%, 0, 0, 9, 179.57, 427418, 4402
2386, 0, 748, 1055, 879, 104, 0.05%, 0, 0, 9, 180.38, 428351, 4402
2391, 0, 748, 1055, 879, 104, 0.05%, 0, 0, 9, 180.22, 429269, 4402
2396, 0, 748, 1055, 879, 104, 0.05%, 0, 0, 9, 180.03, 430199, 4402
2401, 0, 748, 1055, 879, 104, 0.05%, 0, 0, 9, 179.64, 431111, 4402
2406, 0, 748, 1056, 880, 104, 0.05%, 0, 0, 9, 178.30, 432015, 4402
2411, 0, 748, 1056, 880, 104, 0.05%, 0, 0, 9, 180.82, 432926, 4402
2417, 0, 659, 1058, 881, 103, 0.05%, 0, 0, 9, 182.83, 433848, 4402
2422, 0, 659, 1060, 883, 103, 0.05%, 0, 0, 9, 183.88, 434774, 4402
2427, 0, 659, 1061, 884, 103, 0.05%, 0, 0, 9, 185.27, 435714, 4402
2432, 0, 659, 1061, 884, 103, 0.05%, 0, 0, 9, 185.42, 436647, 4402
2437, 0, 659, 1063, 886, 103, 0.05%, 0, 0, 9, 184.41, 437573, 4402
2442, 0, 659, 1063, 886, 103, 0.05%, 0, 0, 9, 185.03, 438506, 4402
2447, 0, 659, 1064, 887, 103, 0.05%, 0, 0, 9, 185.26, 439440, 4402
2452, 0, 659, 1064, 887, 103, 0.05%, 0, 0, 9, 185.47, 440373, 4402
2457, 0, 659, 1065, 888, 103, 0.05%, 0, 0, 9, 184.58, 441310, 4402
2462, 0, 659, 1066, 889, 103, 0.05%, 0, 0, 9, 184.40, 442244, 4402
2467, 0, 659, 1066, 889, 103, 0.05%, 0, 0, 9, 184.74, 443174, 4402
2472, 0, 659, 1066, 889, 103, 0.05%, 0, 0, 9, 185.35, 444110, 4402
2477, 0, 659, 1068, 891, 103, 0.05%, 0, 0, 9, 184.40, 445036, 4402
2482, 0, 659, 1068, 891, 103, 0.05%, 0, 0, 9, 184.92, 445969, 4402
2487, 0, 768, 1069, 891, 104, 0.05%, 0, 0, 9, 179.13, 446840, 4402
2492, 0, 72, 1069, 890, 103, 0.05%, 0, 0, 9, 187.79, 447810, 4402
2497, 0, 786, 1069, 889, 102, 0.05%, 0, 0, 9, 185.08, 448741, 4402
2503, 0, 262, 1070, 889, 101, 0.05%, 0, 0, 9, 175.10, 449652, 4402
2508, 0, 48, 1070, 888, 100, 0.05%, 0, 0, 9, 191.27, 450627, 4402
2513, 0, 792, 1070, 887, 99, 0.05%, 0, 0, 9, 163.38, 451485, 4402
2518, 0, 289, 1070, 886, 98, 0.05%, 0, 0, 9, 164.88, 452286, 4402
2523, 0, 989, 1070, 884, 96, 0.05%, 0, 0, 9, 34.48, 453207, 4402
2528, 0, 989, 1070, 884, 96, 0.05%, 0, 0, 9, 183.10, 454145, 4402
2533, 0, 36, 1070, 882, 94, 0.05%, 0, 0, 9, 179.12, 455020, 4402
2539, 0, 271, 1070, 881, 93, 0.05%, 0, 0, 9, 177.98, 455942, 4402
2544, 0, 424, 1070, 880, 92, 0.05%, 0, 0, 9, 182.93, 456890, 4402
2549, 0, 704, 1071, 879, 90, 0.05%, 0, 0, 9, 181.27, 457834, 4402
2554, 0, 624, 1072, 879, 89, 0.05%, 0, 0, 9, 181.27, 458747, 4402
2559, 0, 999, 1072, 878, 88, 0.05%, 0, 0, 9, 186.33, 459708, 4402
2564, 0, 999, 1073, 879, 88, 0.05%, 0, 0, 9, 184.09, 460641, 4402
2569, 0, 177, 1073, 878, 87, 0.05%, 0, 0, 9, 194.28, 461631, 4402
2574, 0, 279, 1073, 877, 86, 0.05%, 0, 0, 9, 187.24, 462524, 4402
2580, 0, 920, 1075, 878, 85, 0.05%, 0, 0, 9, 183.46, 463476, 4402
2585, 0, 668, 1077, 879, 84, 0.05%, 0, 0, 9, 181.89, 464409, 4402
2590, 0, 327, 1077, 877, 82, 0.05%, 0, 0, 9, 184.27, 465360, 4402
2595, 0, 438, 1078, 876, 80, 0.05%, 0, 0, 9, 180.01, 466289, 4402
2600, 0, 1034, 1079, 876, 80, 0.05%, 0, 0, 9, 181.95, 467195, 4402
2605, 0, 1014, 1079, 875, 79, 0.05%, 0, 0, 9, 193.11, 468138, 4402
2610, 0, 841, 1079, 874, 78, 0.05%, 0, 0, 9, 185.75, 469092, 4402
2616, 0, 841, 1079, 874, 78, 0.05%, 0, 0, 9, 183.05, 470017, 4402
2621, 0, 841, 1079, 874, 78, 0.05%, 0, 0, 9, 183.42, 470934, 4402
2626, 0, 312, 1081, 876, 78, 0.05%, 0, 0, 9, 179.78, 471849, 4402
2631, 0, 1033, 1081, 875, 77, 0.05%, 0, 0, 9, 186.15, 472822, 4402
2636, 0, 1035, 1081, 874, 76, 0.05%, 0, 0, 9, 185.35, 473755, 4402
2641, 0, 1061, 1084, 876, 75, 0.05%, 0, 0, 9, 181.84, 474666, 4402
2646, 0, 1061, 1085, 877, 75, 0.05%, 0, 0, 9, 180.56, 475582, 4402
2651, 0, 1061, 1085, 877, 75, 0.05%, 0, 0, 9, 181.39, 476512, 4402
2656, 0, 1061, 1085, 877, 75, 0.05%, 0, 0, 9, 181.71, 477437, 4402
2661, 0, 250, 1085, 875, 73, 0.05%, 0, 0, 9, 170.95, 478295, 4402
2667, 0, 803, 1085, 874, 72, 0.05%, 0, 0, 9, 181.58, 479249, 4402
2672, 0, 1039, 1085, 873, 71, 0.05%, 0, 0, 9, 191.61, 480265, 4402
2677, 0, 274, 1085, 872, 70, 0.05%, 0, 0, 9, 182.29, 481164, 4402
2682, 0, 61, 1085, 871, 69, 0.05%, 0, 0, 9, 187.88, 482144, 4402
2687, 0, 954, 1086, 871, 68, 0.05%, 0, 0, 10, 178.14, 483042, 4402
2692, 0, 1028, 1086, 870, 67, 0.05%, 0, 0, 10, 182.30, 483993, 4402
2698, 0, 80, 1087, 870, 66, 0.05%, 0, 0, 10, 176.29, 484933, 4402
2703, 0, 80, 1087, 870, 66, 0.05%, 0, 0, 10, 186.50, 485920, 4402
2708, 0, 381, 1087, 869, 65, 0.05%, 0, 0, 10, 183.25, 486855, 4402
2713, 0, 259, 1087, 867, 63, 0.05%, 0, 0, 10, 173.07, 487704, 4402
2718, 0, 857, 1088, 867, 62, 0.05%, 0, 0, 10, 180.70, 488654, 4402
2723, 0, 92, 1088, 866, 61, 0.05%, 0, 0, 10, 191.58, 489638, 4402
2728, 0, 115, 1088, 864, 59, 0.05%, 0, 0, 10, 185.14, 490569, 4402
2733, 0, 936, 1090, 865, 58, 0.05%, 0, 0, 10, 176.91, 491464, 4402
2739, 0, 936, 1092, 867, 58, 0.05%, 0, 0, 10, 177.53, 492366, 4402
2744, 0, 936, 1092, 867, 58, 0.05%, 0, 0, 10, 178.46, 493266, 4402
2749, 0, 936, 1092, 867, 58, 0.05%, 0, 0, 10, 178.44, 494166, 4402
2754, 0, 936, 1092, 867, 58, 0.05%, 0, 0, 10, 178.29, 495066, 4402
2759, 0, 936, 1092, 867, 58, 0.05%, 0, 0, 10, 178.16, 495966, 4402
2764, 0, 936, 1093, 868, 58, 0.05%, 0, 0, 10, 177.46, 496864, 4402
2769, 0, 936, 1093, 868, 58, 0.05%, 0, 0, 10, 177.76, 497761, 4402
2774, 0, 936, 1093, 868, 58, 0.05%, 0, 0, 10, 177.98, 498661, 4402
2779, 0, 936, 1093, 868, 58, 0.05%, 0, 0, 10, 177.87, 499561, 4402
2784, 0, 936, 1093, 868, 58, 0.05%, 0, 0, 10, 178.43, 500461, 4402
2789, 0, 936, 1093, 868, 58, 0.05%, 0, 0, 10, 180.40, 501373, 4402
2794, 0, 123, 1093, 866, 57, 0.05%, 0, 0, 10, 186.62, 502279, 4402
2799, 0, 728, 1093, 865, 56, 0.05%, 0, 0, 10, 181.79, 503198, 4402
2805, 0, 388, 1093, 863, 54, 0.05%, 0, 0, 10, 184.13, 504151, 4402
2810, 0, 1042, 1094, 862, 52, 0.05%, 0, 0, 10, 171.58, 505025, 4402
2815, 0, 339, 1094, 861, 51, 0.05%, 0, 0, 10, 183.70, 506002, 4402
2820, 0, 231, 1094, 860, 50, 0.05%, 0, 0, 10, 186.43, 506967, 4402
2825, 0, 231, 1094, 860, 50, 0.05%, 0, 0, 10, 183.86, 507929, 4402
2830, 0, 18, 1094, 859, 49, 0.05%, 0, 0, 10, 184.84, 508859, 4402
2835, 0, 773, 1095, 859, 48, 0.05%, 0, 0, 10, 182.35, 509775, 4402
2840, 0, 773, 1096, 860, 48, 0.05%, 0, 0, 10, 179.94, 510684, 4402
2846, 0, 116, 1096, 858, 46, 0.05%, 0, 0, 10, 186.78, 511653, 4402
2851, 0, 116, 1096, 858, 46, 0.05%, 0, 0, 10, 192.79, 512647, 4402
2856, 0, 134, 1096, 857, 45, 0.05%, 0, 0, 10, 185.96, 513571, 4402
2861, 0, 976, 1100, 860, 44, 0.05%, 0, 0, 10, 177.26, 514427, 4404
2866, 0, 976, 1102, 862, 44, 0.05%, 0, 0, 10, 178.35, 515338, 4404
2871, 0, 976, 1104, 864, 44, 0.05%, 0, 0, 10, 177.33, 516234, 4405
2876, 0, 976, 1104, 864, 44, 0.05%, 0, 0, 10, 177.79, 517134, 4405
2881, 0, 976, 1104, 864, 44, 0.05%, 0, 0, 10, 178.88, 518040, 4405
2886, 0, 976, 1104, 864, 44, 0.05%, 0, 0, 10, 178.64, 518946, 4405
2891, 0, 976, 1104, 864, 44, 0.05%, 0, 0, 10, 178.75, 519846, 4405
2896, 0, 976, 1104, 864, 44, 0.05%, 0, 0, 10, 178.86, 520749, 4405
2901, 0, 976, 1104, 864, 44, 0.05%, 0, 0, 10, 178.50, 521652, 4405
2906, 0, 976, 1104, 864, 44, 0.05%, 0, 0, 10, 179.53, 522561, 4405
2912, 0, 976, 1104, 864, 44, 0.05%, 0, 0, 10, 179.98, 523493, 4405
2917, 0, 945, 1104, 862, 44, 0.05%, 0, 0, 10, 177.31, 524385, 4405
2922, 0, 697, 1104, 861, 43, 0.05%, 0, 0, 10, 181.37, 525323, 4405
2927, 0, 129, 1104, 859, 41, 0.05%, 0, 0, 10, 186.88, 526289, 4405
2932, 0, 129, 1104, 859, 41, 0.05%, 0, 0, 10, 191.61, 527274, 4405
2937, 0, 1099, 1104, 857, 39, 0.05%, 0, 0, 10, 184.81, 528231, 4405
2943, 0, 219, 1104, 856, 38, 0.05%, 0, 0, 10, 184.97, 529173, 4405
2948, 0, 219, 1105, 857, 38, 0.05%, 0, 0, 10, 181.74, 530104, 4406
2953, 0, 990, 1106, 857, 38, 0.05%, 0, 0, 10, 182.24, 531014, 4407
2958, 0, 377, 1106, 855, 37, 0.05%, 0, 0, 10, 183.38, 531942, 4407
2963, 0, 439, 1106, 854, 36, 0.05%, 0, 0, 10, 183.51, 532854, 4407
2968, 0, 228, 1106, 853, 35, 0.05%, 0, 0, 10, 186.23, 533824, 4407
2973, 0, 417, 1106, 852, 34, 0.05%, 0, 0, 10, 184.03, 534742, 4407
2978, 0, 351, 1106, 850, 32, 0.05%, 0, 0, 10, 184.58, 535689, 4407
2984, 0, 1097, 1106, 850, 32, 0.05%, 0, 0, 10, 183.27, 536643, 4407
2989, 0, 401, 1106, 849, 31, 0.05%, 0, 0, 10, 181.11, 537573, 4407
2994, 0, 407, 1106, 847, 29, 0.05%, 0, 0, 10, 183.33, 538526, 4407
2999, 0, 437, 1106, 845, 27, 0.05%, 0, 0, 10, 184.52, 539475, 4407
3004, 0, 103, 1106, 844, 26, 0.05%, 0, 0, 10, 192.90, 540476, 4407
3009, 0, 326, 1106, 843, 25, 0.05%, 0, 0, 10, 189.24, 541434, 4407
3014, 0, 1077, 1106, 841, 23, 0.05%, 0, 0, 10, 185.51, 542384, 4407
3019, 0, 364, 1107, 841, 22, 0.05%, 0, 0, 10, 175.35, 543245, 4407
3025, 0, 1024, 1108, 841, 21, 0.05%, 0, 0, 10, 182.21, 544207, 4408
3030, 0, 281, 1108, 839, 20, 0.05%, 0, 0, 10, 195.69, 545141, 4408
3035, 0, 997, 1108, 838, 19, 0.05%, 0, 0, 10, 186.65, 546100, 4408
3040, 0, 997, 1109, 839, 19, 0.05%, 0, 0, 10, 184.38, 547040, 4411
3045, 0, 997, 1109, 839, 19, 0.05%, 0, 0, 10, 184.48, 547972, 4411
3050, 0, 997, 1109, 839, 19, 0.05%, 0, 0, 10, 184.68, 548905, 4411
3055, 0, 772, 1109, 838, 19, 0.05%, 0, 0, 10, 150.00, 549619, 4411
3060, 0, 680, 1110, 838, 18, 0.05%, 0, 0, 10, 171.60, 550506, 4411
3065, 0, 258, 1110, 836, 16, 0.05%, 0, 0, 10, 173.71, 551392, 4411
3070, 0, 1106, 1110, 835, 15, 0.05%, 0, 0, 10, 171.10, 552236, 4411
3076, 0, 576, 1111, 834, 14, 0.05%, 0, 0, 10, 176.93, 553156, 4411
3081, 0, 1041, 1111, 833, 13, 0.05%, 0, 0, 10, 188.23, 554070, 4411
3086, 0, 285, 1111, 832, 12, 0.05%, 0, 0, 10, 176.99, 554973, 4411
3091, 0, 1007, 1111, 830, 10, 0.05%, 0, 0, 10, 180.66, 555912, 4411
3096, 0, 1007, 1112, 831, 10, 0.05%, 0, 0, 10, 180.33, 556843, 4412
3101, 0, 165, 1112, 829, 9, 0.05%, 0, 0, 10, 190.28, 557788, 4412
3106, 0, 877, 1113, 829, 8, 0.05%, 0, 0, 10, 175.83, 558671, 4412
3112, 0, 877, 1113, 829, 8, 0.05%, 0, 0, 10, 175.53, 559580, 4412
3117, 0, 1058, 1113, 826, 5, 0.05%, 0, 0, 10, 177.00, 560473, 4412
3122, 0, 721, 1113, 825, 4, 0.05%, 0, 0, 10, 179.76, 561382, 4412
3127, 0, 408, 1114, 825, 3, 0.05%, 0, 0, 10, 180.01, 562279, 4412
3132, 0, 667, 1114, 824, 2, 0.05%, 0, 0, 10, 182.76, 563208, 4412
3137, 0, 667, 1114, 824, 2, 0.05%, 0, 0, 10, 182.35, 564127, 4412
3142, 0, 667, 1116, 826, 2, 0.05%, 0, 0, 10, 181.32, 565038, 4412
3147, 0, 358, 1116, 825, 2, 0.05%, 0, 0, 10, 181.43, 565945, 4412
3152, 0, 1041, 1117, 825, 2, 0.05%, 0, 0, 10, 182.15, 566894, 4412
3157, 0, 1041, 1117, 825, 2, 0.05%, 0, 0, 10, 182.81, 567827, 4412
3162, 0, 1041, 1117, 825, 2, 0.05%, 0, 0, 10, 183.52, 568754, 4412
3167, 0, 667, 1117, 825, 2, 0.05%, 0, 0, 10, 182.80, 569681, 4412
3172, 0, 667, 1118, 826, 2, 0.05%, 0, 0, 10, 183.23, 570615, 4412
3178, 0, 97, 1119, 827, 3, 0.05%, 0, 0, 10, 197.51, 571513, 4413
3183, 0, 1104, 1119, 826, 2, 0.05%, 0, 0, 10, 187.22, 572482, 4413
3188, 0, 1104, 1119, 826, 2, 0.05%, 0, 0, 10, 194.18, 573475, 4413
3193, 0, 258, 1119, 825, 1, 0.05%, 0, 0, 10, 181.63, 574407, 4413
3198, 0, 1108, 1119, 825, 1, 0.05%, 0, 0, 10, 181.03, 575305, 4413
3203, 0, 1108, 1119, 825, 1, 0.05%, 0, 0, 10, 184.07, 576239, 4413
3208, 0, 1108, 1119, 825, 1, 0.05%, 0, 0, 10, 183.93, 577165, 4413
3213, 0, 351, 1119, 825, 1, 0.05%, 0, 0, 10, 183.13, 578109, 4413
3218, 0, 1111, 1121, 827, 1, 0.05%, 0, 0, 10, 181.65, 579042, 4415
3224, 0, 1111, 1122, 828, 1, 0.05%, 0, 0, 10, 181.94, 579976, 4417
3229, 0, 1111, 1124, 830, 1, 0.05%, 0, 0, 10, 181.86, 580896, 4421
3234, 0, 1111, 1124, 830, 1, 0.05%, 0, 0, 10, 181.89, 581820, 4421
3239, 0, 1111, 1124, 830, 1, 0.05%, 0, 0, 10, 181.60, 582744, 4421
3244, 0, 1111, 1124, 830, 1, 0.05%, 0, 0, 10, 182.36, 583680, 4421
3249, 0, 1111, 1125, 831, 1, 0.05%, 0, 0, 10, 180.85, 584596, 4422
3254, 0, 1111, 1125, 831, 1, 0.05%, 0, 0, 10, 181.52, 585526, 4422
3259, 0, 1111, 1125, 831, 1, 0.05%, 0, 0, 10, 181.63, 586450, 4422
3264, 0, 1111, 1126, 832, 1, 0.05%, 0, 0, 10, 180.96, 587375, 4424
3269, 0, 1111, 1126, 832, 1, 0.05%, 0, 0, 10, 181.48, 588299, 4424
3275, 0, 1111, 1126, 832, 1, 0.05%, 0, 0, 10, 181.44, 589226, 4424
3280, 0, 1111, 1126, 832, 1, 0.05%, 0, 0, 10, 180.75, 590166, 4424
3285, 0, 1111, 1126, 832, 1, 0.05%, 0, 0, 10, 179.76, 591087, 4424
3290, 0, 1123, 1126, 832, 7, 0.05%, 0, 0, 10, 34.76, 591941, 4424
3295, 0, 34, 1126, 831, 6, 0.05%, 0, 0, 10, 187.93, 592900, 4424
3300, 0, 351, 1126, 830, 6, 0.05%, 0, 0, 10, 180.90, 593829, 4424
3305, 0, 1125, 1127, 831, 6, 0.05%, 0, 0, 10, 179.60, 594758, 4424
3310, 0, 1121, 1127, 829, 5, 0.05%, 0, 0, 10, 194.51, 595683, 4424
3316, 0, 1121, 1127, 829, 5, 0.05%, 0, 0, 10, 183.10, 596612, 4424
3321, 0, 1124, 1127, 828, 4, 0.05%, 0, 0, 10, 184.51, 597527, 4424
3326, 0, 1118, 1132, 832, 3, 0.05%, 0, 0, 10, 175.94, 598399, 4426
3331, 0, 1118, 1138, 838, 3, 0.05%, 0, 0, 10, 172.57, 599299, 4433
3336, 0, 1118, 1140, 840, 3, 0.05%, 0, 0, 10, 172.43, 600162, 4438
3341, 0, 1118, 1142, 842, 3, 0.05%, 0, 0, 10, 173.31, 601058, 4443
3346, 0, 1118, 1142, 842, 3, 0.05%, 0, 0, 10, 173.83, 601958, 4443
3352, 0, 1118, 1144, 844, 3, 0.05%, 0, 0, 10, 173.81, 602854, 4446
3357, 0, 1118, 1145, 845, 3, 0.05%, 0, 0, 10, 173.39, 603752, 4446
3362, 0, 1118, 1147, 847, 3, 0.05%, 0, 0, 10, 172.98, 604618, 4461
3367, 0, 1118, 1147, 847, 3, 0.05%, 0, 0, 10, 172.87, 605512, 4461
3372, 0, 1118, 1148, 848, 3, 0.05%, 0, 0, 10, 174.89, 606416, 4463
3377, 0, 1118, 1148, 848, 3, 0.05%, 0, 0, 10, 175.88, 607316, 4463
3382, 0, 1118, 1148, 848, 3, 0.05%, 0, 0, 10, 175.56, 608216, 4463
3387, 0, 1118, 1148, 848, 3, 0.05%, 0, 0, 10, 175.63, 609116, 4463
3393, 0, 1118, 1149, 849, 3, 0.05%, 0, 0, 10, 175.92, 610014, 4463
3398, 0, 1118, 1149, 849, 3, 0.05%, 0, 0, 10, 175.60, 610921, 4463
3403, 0, 1146, 1151, 849, 12, 0.05%, 0, 0, 10, 177.19, 611755, 4467
3408, 0, 1146, 1152, 850, 12, 0.05%, 0, 0, 10, 175.88, 612658, 4467
3413, 0, 1139, 1152, 849, 12, 0.05%, 0, 0, 10, 173.58, 613519, 4467
3418, 0, 1143, 1154, 850, 11, 0.05%, 0, 0, 10, 173.97, 614408, 4472
3423, 0, 1143, 1154, 850, 11, 0.05%, 0, 0, 10, 174.14, 615314, 4472
3428, 0, 1134, 1154, 849, 12, 0.05%, 0, 0, 10, 169.31, 616156, 4472
3433, 0, 1122, 1154, 848, 11, 0.05%, 0, 0, 10, 180.30, 617102, 4472
3439, 0, 1145, 1155, 848, 10, 0.05%, 0, 0, 10, 178.13, 618014, 4472
3444, 0, 1126, 1155, 847, 9, 0.05%, 0, 0, 10, 177.87, 618932, 4472
3449, 0, 1126, 1155, 847, 9, 0.05%, 0, 0, 10, 179.92, 619871, 4472
3454, 0, 1126, 1155, 847, 9, 0.05%, 0, 0, 10, 181.16, 620789, 4472
3459, 0, 1126, 1155, 847, 9, 0.05%, 0, 0, 10, 181.87, 621709, 4472
3464, 0, 1126, 1155, 847, 9, 0.05%, 0, 0, 10, 180.16, 622645, 4472
3469, 0, 1041, 1156, 848, 9, 0.05%, 0, 0, 10, 176.67, 623544, 4473
3475, 0, 1041, 1157, 849, 9, 0.05%, 0, 0, 10, 177.25, 624445, 4475
3480, 0, 1041, 1157, 849, 9, 0.05%, 0, 0, 10, 179.50, 625379, 4475
3485, 0, 643, 1158, 849, 10, 0.05%, 0, 0, 10, 177.04, 626264, 4475
3490, 0, 1140, 1162, 852, 9, 0.05%, 0, 0, 10, 173.91, 627170, 4475
3495, 0, 1140, 1164, 854, 9, 0.05%, 0, 0, 10, 175.87, 628079, 4475
3500, 0, 1152, 1165, 853, 8, 0.05%, 0, 0, 10, 175.08, 628934, 4475
3506, 0, 1156, 1166, 853, 7, 0.05%, 0, 0, 10, 184.45, 629891, 4475
3511, 0, 1150, 1166, 852, 6, 0.05%, 0, 0, 10, 176.80, 630820, 4475
3516, 0, 1150, 1168, 854, 6, 0.05%, 0, 0, 10, 176.77, 631740, 4478
3521, 0, 1153, 1168, 852, 5, 0.05%, 0, 0, 10, 177.51, 632642, 4478
3526, 0, 1147, 1168, 851, 4, 0.05%, 0, 0, 10, 179.25, 633558, 4478
3531, 0, 666, 1168, 850, 3, 0.05%, 0, 0, 10, 181.95, 634485, 4478
3536, 0, 666, 1168, 850, 3, 0.05%, 0, 0, 10, 182.52, 635413, 4478
3541, 0, 666, 1169, 851, 3, 0.05%, 0, 0, 10, 181.50, 636320, 4478
3546, 0, 1131, 1169, 851, 3, 0.05%, 0, 0, 10, 177.11, 637184, 4478
3552, 0, 1126, 1169, 850, 2, 0.05%, 0, 0, 10, 181.75, 638111, 4478
3557, 0, 1126, 1169, 850, 2, 0.05%, 0, 0, 10, 182.81, 639044, 4478
3562, 0, 1126, 1169, 850, 2, 0.05%, 0, 0, 10, 183.09, 639974, 4478
3567, 0, 1169, 1170, 850, 3, 0.05%, 0, 0, 10, 174.70, 640873, 4479
3572, 0, 1120, 1170, 848, 1, 0.05%, 0, 0, 10, 174.90, 641773, 4479
3577, 0, 1126, 1170, 847, 0, 0.05%, 0, 0, 10, 182.23, 642710, 4479
3582, 0, 1126, 1171, 848, 0, 0.05%, 0, 0, 10, 181.44, 643635, 4479
3587, 0, 1126, 1171, 848, 0, 0.05%, 0, 0, 10, 181.57, 644545, 4479
3592, 0, 657, 1171, 848, 0, 0.05%, 0, 0, 10, 180.84, 645453, 4479
3597, 0, 657, 1171, 848, 0, 0.05%, 0, 0, 10, 181.37, 646376, 4479
3602, 0, 657, 1171, 848, 0, 0.05%, 0, 0, 10, 181.90, 647296, 4479
3607, 0, 1010, 1171, 848, 0, 0.05%, 0, 0, 10, 181.27, 648205, 4479
3612, 0, 1010, 1173, 850, 0, 0.05%, 0, 0, 10, 181.50, 649122, 4480
3618, 0, 1010, 1173, 850, 0, 0.05%, 0, 0, 10, 182.61, 650055, 4480
3623, 0, 1010, 1173, 850, 0, 0.05%, 0, 0, 10, 183.35, 650991, 4480
3628, 0, 1010, 1174, 851, 0, 0.05%, 0, 0, 10, 184.34, 651919, 4495
3633, 0, 1010, 1174, 851, 0, 0.05%, 0, 0, 10, 184.17, 652852, 4495
3638, 0, 1010, 1174, 851, 0, 0.05%, 0, 0, 10, 183.94, 653788, 4495
3643, 0, 1010, 1174, 851, 0, 0.05%, 0, 0, 10, 183.83, 654724, 4495
3648, 0, 1010, 1174, 851, 0, 0.05%, 0, 0, 10, 183.57, 655653, 4495
3653, 0, 1010, 1174, 851, 0, 0.05%, 0, 0, 10, 183.86, 656573, 4495
3658, 0, 1171, 1174, 850, 2, 0.05%, 0, 0, 10, 195.84, 657479, 4495
3663, 0, 1173, 1174, 849, 1, 0.05%, 0, 0, 10, 188.93, 658448, 4495
3668, 0, 1126, 1175, 849, 0, 0.05%, 0, 0, 10, 183.03, 659366, 4496
3673, 0, 1174, 1175, 849, 1, 0.05%, 0, 0, 10, 176.42, 660266, 4496
3679, 0, 614, 1175, 848, 0, 0.05%, 0, 0, 10, 182.47, 661213, 4496
3684, 0, 614, 1175, 848, 0, 0.05%, 0, 0, 10, 182.58, 662133, 4496
3689, 0, 212, 1176, 849, 0, 0.05%, 0, 0, 10, 180.08, 663035, 4509
3694, 0, 212, 1176, 849, 0, 0.05%, 0, 0, 10, 179.86, 663956, 4509
3699, 0, 212, 1179, 852, 0, 0.05%, 0, 0, 10, 179.02, 664856, 4509
3704, 0, 212, 1182, 855, 0, 0.05%, 0, 0, 10, 180.26, 665771, 4509
3709, 0, 212, 1182, 855, 0, 0.05%, 0, 0, 10, 183.02, 666701, 4509
3714, 0, 1175, 1182, 855, 1, 0.05%, 0, 0, 10, 193.27, 667598, 4509
3719, 0, 329, 1182, 854, 0, 0.05%, 0, 0, 10, 184.06, 668550, 4509
3724, 0, 329, 1182, 854, 0, 0.05%, 0, 0, 10, 181.30, 669456, 4509
3729, 0, 1121, 1182, 854, 0, 0.05%, 0, 0, 10, 178.14, 670350, 4509
3734, 0, 1121, 1182, 854, 0, 0.05%, 0, 0, 10, 182.68, 671283, 4509
3739, 0, 1121, 1182, 854, 0, 0.05%, 0, 0, 10, 183.71, 672209, 4509
3744, 0, 1121, 1182, 854, 0, 0.05%, 0, 0, 10, 183.94, 673132, 4509
3750, 0, 1121, 1185, 857, 0, 0.05%, 0, 0, 10, 182.29, 674055, 4509
3755, 0, 1121, 1186, 858, 0, 0.05%, 0, 0, 10, 181.78, 674986, 4509
3760, 0, 692, 1186, 858, 0, 0.05%, 0, 0, 10, 181.24, 675912, 4509
3765, 0, 692, 1186, 858, 0, 0.05%, 0, 0, 10, 182.01, 676827, 4509
3770, 0, 697, 1187, 859, 0, 0.05%, 0, 0, 10, 182.20, 677739, 4509
3775, 0, 697, 1187, 859, 0, 0.05%, 0, 0, 10, 182.19, 678656, 4509
3780, 0, 614, 1187, 859, 0, 0.05%, 0, 0, 10, 181.76, 679572, 4509
3785, 0, 614, 1187, 859, 0, 0.05%, 0, 0, 10, 182.60, 680502, 4509
3790, 0, 550, 1188, 860, 0, 0.05%, 0, 0, 10, 181.86, 681415, 4518
3795, 0, 550, 1188, 860, 0, 0.05%, 0, 0, 10, 183.00, 682345, 4518
3800, 0, 550, 1188, 860, 0, 0.05%, 0, 0, 10, 181.55, 683291, 4518
3805, 0, 1126, 1188, 859, 0, 0.05%, 0, 0, 10, 183.32, 684166, 4518
3811, 0, 327, 1188, 859, 0, 0.05%, 0, 0, 10, 181.76, 685110, 4518
3816, 0, 1126, 1188, 859, 0, 0.05%, 0, 0, 10, 181.31, 686018, 4518
3821, 0, 1126, 1188, 859, 0, 0.05%, 0, 0, 10, 181.60, 686955, 4518
3826, 0, 849, 1188, 859, 0, 0.05%, 0, 0, 10, 183.07, 687898, 4518
3831, 0, 849, 1189, 860, 0, 0.05%, 0, 0, 10, 182.77, 688826, 4518
3836, 0, 561, 1189, 860, 0, 0.05%, 0, 0, 10, 182.47, 689750, 4518
3841, 0, 1171, 1190, 861, 0, 0.05%, 0, 0, 10, 181.56, 690666, 4518
3846, 0, 1171, 1190, 861, 0, 0.05%, 0, 0, 10, 182.01, 691587, 4518
3851, 0, 1187, 1196, 867, 0, 0.05%, 0, 0, 10, 178.10, 692499, 4559
3856, 0, 1187, 1202, 873, 0, 0.05%, 0, 0, 10, 180.25, 693429, 4560
3861, 0, 1187, 1206, 877, 0, 0.05%, 0, 0, 10, 180.64, 694348, 4565
3867, 0, 1187, 1211, 882, 0, 0.05%, 0, 0, 10, 181.49, 695292, 4566
3872, 0, 1187, 1213, 884, 0, 0.05%, 0, 0, 10, 181.84, 696218, 4566
3877, 0, 1187, 1215, 886, 0, 0.05%, 0, 0, 10, 181.64, 697153, 4566
3882, 0, 1187, 1218, 889, 0, 0.05%, 0, 0, 10, 181.07, 698083, 4566
3887, 0, 1187, 1221, 892, 0, 0.05%, 0, 0, 10, 181.47, 699007, 4568
3892, 0, 1187, 1221, 892, 0, 0.05%, 0, 0, 10, 183.16, 699939, 4568
3897, 0, 1187, 1238, 909, 0, 0.05%, 0, 0, 10, 178.46, 700847, 4581
3902, 0, 1187, 1252, 923, 0, 0.05%, 0, 0, 10, 175.09, 701731, 4583
3908, 0, 1187, 1255, 926, 0, 0.05%, 0, 0, 10, 179.61, 702664, 4584
3913, 0, 1187, 1259, 930, 0, 0.05%, 0, 0, 10, 145.37, 703428, 4584
3918, 0, 1187, 1266, 937, 0, 0.05%, 0, 0, 10, 169.45, 704313, 4586
3923, 0, 1215, 1267, 937, 11, 0.05%, 0, 0, 10, 187.54, 705218, 4586
3928, 0, 1251, 1268, 937, 10, 0.05%, 0, 0, 10, 190.11, 706155, 4586
3933, 0, 1216, 1272, 940, 9, 0.05%, 0, 0, 10, 184.93, 707107, 4586
3938, 0, 1237, 1272, 939, 8, 0.05%, 0, 0, 10, 184.37, 708051, 4586
3944, 0, 1263, 1272, 938, 7, 0.05%, 0, 0, 10, 178.54, 708942, 4586
3949, 0, 1263, 1272, 938, 7, 0.05%, 0, 0, 10, 190.52, 709917, 4586
3954, 0, 1263, 1274, 940, 7, 0.05%, 0, 0, 10, 184.55, 710862, 4586
3959, 0, 1194, 1274, 939, 6, 0.05%, 0, 0, 10, 181.74, 711746, 4586
3964, 0, 1238, 1276, 940, 5, 0.05%, 0, 0, 10, 183.20, 712678, 4587
3969, 0, 1238, 1278, 942, 5, 0.05%, 0, 0, 10, 182.54, 713598, 4587
3974, 0, 1238, 1281, 945, 5, 0.05%, 0, 0, 10, 183.21, 714537, 4587
3979, 0, 1238, 1283, 947, 5, 0.05%, 0, 0, 10, 184.17, 715466, 4587
3984, 0, 1238, 1285, 949, 5, 0.05%, 0, 0, 10, 184.46, 716398, 4587
3989, 0, 1238, 1286, 950, 5, 0.05%, 0, 0, 10, 184.22, 717329, 4587
3994, 0, 1238, 1286, 950, 5, 0.05%, 0, 0, 10, 184.66, 718265, 4587
3999, 0, 1238, 1288, 952, 5, 0.05%, 0, 0, 10, 183.86, 719194, 4587
4004, 0, 1238, 1288, 952, 5, 0.05%, 0, 0, 10, 184.30, 720127, 4587
4009, 0, 1238, 1291, 955, 5, 0.05%, 0, 0, 10, 183.51, 721072, 4589
4015, 0, 1238, 1291, 955, 5, 0.05%, 0, 0, 10, 184.58, 722030, 4589
4020, 0, 1203, 1291, 953, 8, 0.05%, 0, 0, 10, 183.76, 722898, 4589
4025, 0, 1205, 1292, 953, 7, 0.05%, 0, 0, 10, 183.68, 723851, 4589
4030, 0, 511, 1292, 952, 6, 0.05%, 0, 0, 10, 182.14, 724791, 4589
4035, 0, 1288, 1292, 951, 6, 0.05%, 0, 0, 10, 184.28, 725739, 4589
4040, 0, 1285, 1293, 951, 5, 0.05%, 0, 0, 10, 184.08, 726694, 4590
4045, 0, 1280, 1295, 952, 5, 0.05%, 0, 0, 10, 182.02, 727582, 4590
4050, 0, 1280, 1296, 953, 5, 0.05%, 0, 0, 10, 183.83, 728516, 4593
4056, 0, 1280, 1296, 953, 5, 0.05%, 0, 0, 10, 184.36, 729452, 4593
4061, 0, 351, 1296, 951, 4, 0.05%, 0, 0, 10, 181.92, 730361, 4593
4066, 0, 1126, 1296, 951, 4, 0.05%, 0, 0, 10, 183.54, 731311, 4593
4071, 0, 1108, 1296, 951, 4, 0.05%, 0, 0, 10, 183.74, 732236, 4593
4076, 0, 624, 1296, 951, 4, 0.05%, 0, 0, 10, 183.04, 733158, 4593
4081, 0, 1028, 1296, 951, 4, 0.05%, 0, 0, 10, 182.36, 734076, 4593
4086, 0, 1028, 1296, 951, 4, 0.05%, 0, 0, 10, 183.96, 735000, 4593
4091, 0, 1129, 1297, 952, 4, 0.05%, 0, 0, 10, 179.90, 735914, 4593
4096, 0, 1126, 1297, 951, 4, 0.05%, 0, 0, 10, 179.17, 736844, 4593
4101, 0, 300, 1297, 951, 4, 0.05%, 0, 0, 10, 176.80, 737762, 4593
4106, 0, 300, 1297, 951, 4, 0.05%, 0, 0, 10, 169.03, 738606, 4593
4112, 0, 300, 1297, 951, 4, 0.05%, 0, 0, 10, 166.82, 739467, 4593
4117, 0, 1126, 1297, 951, 4, 0.05%, 0, 0, 10, 175.15, 740355, 4593
4122, 0, 1292, 1298, 952, 4, 0.05%, 0, 0, 11, 182.68, 741304, 4593
4127, 0, 1292, 1298, 952, 4, 0.05%, 0, 0, 11, 182.46, 742246, 4593
4132, 0, 1174, 1298, 951, 3, 0.05%, 0, 0, 11, 182.17, 743164, 4593
4137, 0, 1174, 1299, 952, 3, 0.05%, 0, 0, 11, 181.07, 744080, 4596
4142, 0, 1174, 1299, 952, 3, 0.05%, 0, 0, 11, 181.14, 744989, 4596
4147, 0, 1174, 1299, 952, 3, 0.05%, 0, 0, 11, 180.21, 745905, 4596
4152, 0, 1174, 1299, 952, 3, 0.05%, 0, 0, 11, 180.51, 746832, 4596
4157, 0, 1298, 1299, 952, 4, 0.05%, 0, 0, 11, 173.60, 747692, 4596
4162, 0, 1195, 1299, 951, 3, 0.05%, 0, 0, 11, 180.71, 748621, 4596
4168, 0, 258, 1299, 950, 2, 0.05%, 0, 0, 11, 171.46, 749513, 4596
4173, 0, 777, 1300, 951, 2, 0.05%, 0, 0, 11, 177.68, 750410, 4596
4178, 0, 20, 1301, 951, 2, 0.05%, 0, 0, 11, 183.73, 751337, 4596
4183, 0, 1274, 1301, 950, 2, 0.05%, 0, 0, 11, 181.82, 752279, 4596
4188, 0, 218, 1301, 949, 1, 0.05%, 0, 0, 11, 186.61, 753227, 4596
4193, 0, 218, 1301, 949, 1, 0.05%, 0, 0, 11, 188.34, 754194, 4596
4198, 0, 1126, 1301, 948, 1, 0.05%, 0, 0, 11, 181.91, 755126, 4596
4203, 0, 1156, 1301, 948, 1, 0.05%, 0, 0, 11, 180.11, 756042, 4596
4208, 0, 1156, 1301, 948, 1, 0.05%, 0, 0, 11, 180.06, 756943, 4596
4213, 0, 1196, 1301, 948, 1, 0.05%, 0, 0, 11, 181.01, 757863, 4596
4218, 0, 247, 1301, 947, 0, 0.05%, 0, 0, 11, 181.42, 758799, 4596
4224, 0, 1298, 1301, 947, 0, 0.05%, 0, 0, 11, 182.81, 759735, 4596
4229, 0, 1298, 1301, 947, 0, 0.05%, 0, 0, 11, 183.67, 760668, 4596
4234, 0, 1298, 1301, 947, 0, 0.05%, 0, 0, 11, 182.16, 761583, 4596
4239, 0, 1298, 1301, 947, 0, 0.05%, 0, 0, 11, 183.28, 762509, 4596
4244, 0, 1298, 1301, 947, 0, 0.05%, 0, 0, 11, 183.59, 763430, 4596
4249, 0, 577, 1301, 947, 0, 0.05%, 0, 0, 11, 180.56, 764351, 4596
4254, 0, 577, 1301, 947, 0, 0.05%, 0, 0, 11, 179.60, 765256, 4596
4259, 0, 988, 1302, 948, 0, 0.05%, 0, 0, 11, 181.88, 766180, 4597
4264, 0, 988, 1302, 948, 0, 0.05%, 0, 0, 11, 183.25, 767113, 4597
4269, 0, 988, 1304, 950, 0, 0.05%, 0, 0, 11, 181.78, 768048, 4602
4274, 0, 988, 1305, 951, 0, 0.05%, 0, 0, 11, 182.03, 768976, 4604
4279, 0, 988, 1305, 951, 0, 0.05%, 0, 0, 11, 182.36, 769909, 4604
4284, 0, 988, 1305, 951, 0, 0.05%, 0, 0, 11, 183.01, 770842, 4604
4290, 0, 988, 1305, 951, 0, 0.05%, 0, 0, 11, 183.37, 771775, 4604
4295, 0, 988, 1307, 953, 0, 0.05%, 0, 0, 11, 183.01, 772698, 4606
4300, 0, 988, 1308, 954, 0, 0.05%, 0, 0, 11, 183.27, 773632, 4607
4305, 0, 988, 1308, 954, 0, 0.05%, 0, 0, 11, 184.16, 774562, 4607
4310, 0, 988, 1308, 954, 0, 0.05%, 0, 0, 11, 184.44, 775492, 4607
4315, 0, 1302, 1308, 953, 6, 0.05%, 0, 0, 11, 185.07, 776384, 4607
4320, 0, 1301, 1308, 952, 5, 0.05%, 0, 0, 11, 186.63, 777341, 4607
4325, 0, 1304, 1308, 951, 4, 0.05%, 0, 0, 11, 184.83, 778288, 4607
4330, 0, 1304, 1309, 952, 4, 0.05%, 0, 0, 11, 183.69, 779217, 4610
4335, 0, 1303, 1309, 950, 3, 0.05%, 0, 0, 11, 186.16, 780129, 4610
4340, 0, 1303, 1311, 952, 3, 0.05%, 0, 0, 11, 183.19, 781051, 4611
4345, 0, 1310, 1311, 951, 4, 0.05%, 0, 0, 11, 176.88, 781945, 4611
4350, 0, 1307, 1311, 950, 3, 0.05%, 0, 0, 11, 184.08, 782914, 4611
4356, 0, 145, 1311, 949, 2, 0.05%, 0, 0, 11, 187.77, 783857, 4611
4361, 0, 145, 1311, 949, 2, 0.05%, 0, 0, 11, 189.35, 784827, 4611
4366, 0, 1309, 1311, 948, 2, 0.05%, 0, 0, 11, 187.38, 785800, 4611
4371, 0, 1305, 1311, 946, 1, 0.05%, 0, 0, 11, 188.67, 786769, 4611
4376, 0, 1123, 1311, 945, 0, 0.05%, 0, 0, 11, 185.43, 787728, 4611
4381, 0, 1123, 1311, 945, 0, 0.05%, 0, 0, 11, 184.67, 788689, 4611
4386, 0, 1123, 1311, 945, 0, 0.05%, 0, 0, 11, 184.33, 789622, 4611
4392, 0, 1305, 1311, 945, 0, 0.05%, 0, 0, 11, 182.34, 790559, 4611
4397, 0, 1305, 1311, 945, 0, 0.05%, 0, 0, 11, 183.95, 791490, 4611
4402, 0, 1305, 1311, 945, 0, 0.05%, 0, 0, 11, 184.09, 792423, 4611
4407, 0, 550, 1311, 945, 0, 0.05%, 0, 0, 11, 184.72, 793377, 4611
4412, 0, 137, 1311, 945, 0, 0.05%, 0, 0, 11, 182.89, 794290, 4611
4417, 0, 137, 1311, 945, 0, 0.05%, 0, 0, 11, 183.25, 795228, 4611
4422, 0, 671, 1311, 945, 0, 0.05%, 0, 0, 11, 184.02, 796156, 4611
4427, 0, 671, 1311, 945, 0, 0.05%, 0, 0, 11, 184.11, 797081, 4611
4432, 0, 667, 1313, 947, 0, 0.05%, 0, 0, 11, 181.86, 798019, 4611
4437, 0, 1126, 1313, 947, 0, 0.05%, 0, 0, 11, 173.16, 798929, 4611
4442, 0, 1126, 1313, 947, 0, 0.05%, 0, 0, 11, 183.58, 799870, 4611
4447, 0, 258, 1313, 947, 0, 0.05%, 0, 0, 11, 179.77, 800788, 4611
4452, 0, 1175, 1313, 947, 0, 0.05%, 0, 0, 11, 180.82, 801676, 4611
4458, 0, 1175, 1313, 947, 0, 0.05%, 0, 0, 11, 183.88, 802609, 4611
4463, 0, 1175, 1313, 947, 0, 0.05%, 0, 0, 11, 185.29, 803545, 4611
4468, 0, 1175, 1313, 947, 0, 0.05%, 0, 0, 11, 185.85, 804480, 4611
4473, 0, 1175, 1313, 947, 0, 0.05%, 0, 0, 11, 186.72, 805419, 4611
4478, 0, 1175, 1313, 947, 0, 0.05%, 0, 0, 11, 184.81, 806350, 4611
4483, 0, 1175, 1313, 947, 0, 0.05%, 0, 0, 11, 185.48, 807285, 4611
4488, 0, 1175, 1313, 947, 0, 0.05%, 0, 0, 11, 186.73, 808223, 4611
4493, 0, 1175, 1313, 947, 0, 0.05%, 0, 0, 11, 185.81, 809149, 4611
4498, 0, 657, 1313, 947, 0, 0.05%, 0, 0, 11, 184.63, 810105, 4611
4503, 0, 1298, 1313, 947, 0, 0.05%, 0, 0, 11, 186.56, 811079, 4611
4508, 0, 1298, 1313, 947, 0, 0.05%, 0, 0, 11, 185.20, 812009, 4611
4513, 0, 1298, 1313, 947, 0, 0.05%, 0, 0, 11, 185.65, 812939, 4611
4518, 0, 1175, 1313, 947, 0, 0.05%, 0, 0, 11, 185.92, 813873, 4611
4523, 0, 1175, 1313, 947, 0, 0.05%, 0, 0, 11, 184.98, 814806, 4611
4528, 0, 1175, 1314, 948, 0, 0.05%, 0, 0, 11, 185.22, 815737, 4612
4533, 0, 1175, 1314, 948, 0, 0.05%, 0, 0, 11, 185.68, 816670, 4612
4538, 0, 1175, 1314, 948, 0, 0.05%, 0, 0, 11, 185.19, 817600, 4612
4543, 0, 1175, 1314, 948, 0, 0.05%, 0, 0, 11, 186.46, 818541, 4612
4548, 0, 1313, 1314, 948, 1, 0.05%, 0, 0, 11, 185.76, 819442, 4612
4554, 0, 404, 1314, 947, 0, 0.05%, 0, 0, 11, 186.06, 820409, 4612
4559, 0, 257, 1314, 947, 0, 0.05%, 0, 0, 11, 186.90, 821382, 4612
4564, 0, 1308, 1315, 948, 0, 0.06%, 0, 0, 11, 186.24, 822323, 4618
4569, 0, 1308, 1317, 950, 0, 0.06%, 0, 0, 11, 185.25, 823249, 4620
4574, 0, 1308, 1317, 950, 0, 0.06%, 0, 0, 11, 187.03, 824224, 4620
4579, 0, 1308, 1317, 950, 0, 0.06%, 0, 0, 11, 186.96, 825160, 4620
4584, 0, 1308, 1317, 950, 0, 0.06%, 0, 0, 11, 186.78, 826096, 4620
4589, 0, 1308, 1320, 953, 0, 0.06%, 0, 0, 11, 186.08, 827026, 4626
4594, 0, 1308, 1320, 953, 0, 0.06%, 0, 0, 11, 186.74, 827998, 4626
4599, 0, 1308, 1320, 953, 0, 0.06%, 0, 0, 11, 186.94, 828970, 4626
4605, 0, 1308, 1322, 955, 0, 0.06%, 0, 0, 11, 185.15, 829899, 4628
4610, 0, 1308, 1323, 956, 0, 0.06%, 0, 0, 11, 186.27, 830872, 4629
4615, 0, 1308, 1323, 956, 0, 0.06%, 0, 0, 11, 187.07, 831844, 4629
4620, 0, 1308, 1323, 956, 0, 0.06%, 0, 0, 11, 186.97, 832780, 4629
4625, 0, 1308, 1323, 956, 0, 0.06%, 0, 0, 11, 187.08, 833722, 4629
4630, 0, 1308, 1323, 956, 0, 0.06%, 0, 0, 11, 186.95, 834657, 4629
4635, 0, 1187, 1323, 955, 7, 0.06%, 0, 0, 11, 197.62, 835578, 4629
4640, 0, 1316, 1324, 956, 7, 0.06%, 0, 0, 11, 191.57, 836555, 4629
4645, 0, 1314, 1324, 955, 6, 0.06%, 0, 0, 11, 192.24, 837515, 4629
4650, 0, 1315, 1324, 954, 5, 0.06%, 0, 0, 11, 190.58, 838471, 4629
4656, 0, 1315, 1324, 954, 5, 0.06%, 0, 0, 11, 189.28, 839462, 4629
4661, 0, 1320, 1324, 952, 3, 0.06%, 0, 0, 11, 191.99, 840457, 4629
4666, 0, 1320, 1324, 952, 3, 0.06%, 0, 0, 11, 188.65, 841406, 4629
4671, 0, 1126, 1324, 951, 2, 0.06%, 0, 0, 11, 188.78, 842356, 4629
4676, 0, 262, 1324, 950, 1, 0.06%, 0, 0, 11, 185.84, 843331, 4629
4681, 0, 340, 1324, 950, 1, 0.06%, 0, 0, 11, 180.71, 844242, 4629
4686, 0, 1126, 1324, 949, 1, 0.06%, 0, 0, 11, 186.77, 845223, 4629
4691, 0, 1318, 1325, 950, 1, 0.06%, 0, 0, 11, 187.46, 846168, 4633
4696, 0, 1324, 1325, 949, 1, 0.06%, 0, 0, 11, 184.65, 847068, 4633
4702, 0, 1298, 1325, 948, 0, 0.06%, 0, 0, 11, 184.02, 848017, 4633
4707, 0, 724, 1325, 948, 0, 0.06%, 0, 0, 11, 183.03, 848902, 4633
4712, 0, 724, 1325, 948, 0, 0.06%, 0, 0, 11, 184.19, 849834, 4633
4717, 0, 351, 1325, 948, 0, 0.06%, 0, 0, 11, 183.90, 850756, 4633
4722, 0, 1126, 1325, 948, 0, 0.06%, 0, 0, 11, 185.62, 851696, 4633
4727, 0, 664, 1325, 948, 0, 0.06%, 0, 0, 11, 186.10, 852635, 4633
4732, 0, 664, 1325, 948, 0, 0.06%, 0, 0, 11, 186.23, 853599, 4633
4737, 0, 1088, 1325, 948, 0, 0.06%, 0, 0, 11, 178.59, 854519, 4633
4742, 0, 1088, 1325, 948, 0, 0.06%, 0, 0, 11, 176.86, 855419, 4633
4747, 0, 1088, 1325, 948, 0, 0.06%, 0, 0, 11, 176.17, 856327, 4633
4753, 0, 1088, 1325, 948, 0, 0.06%, 0, 0, 11, 178.12, 857245, 4633
4758, 0, 1306, 1326, 949, 0, 0.06%, 0, 0, 11, 179.16, 858174, 4633
4763, 0, 1306, 1326, 949, 0, 0.06%, 0, 0, 11, 181.85, 859107, 4633
4768, 0, 1306, 1326, 949, 0, 0.06%, 0, 0, 11, 181.01, 860028, 4633
4773, 0, 1306, 1326, 949, 0, 0.06%, 0, 0, 11, 182.34, 860956, 4633
4778, 0, 1306, 1326, 949, 0, 0.06%, 0, 0, 11, 183.48, 861880, 4633
4783, 0, 1306, 1326, 949, 0, 0.06%, 0, 0, 11, 183.97, 862803, 4633
4788, 0, 657, 1326, 948, 0, 0.06%, 0, 0, 11, 192.73, 863711, 4633
4793, 0, 666, 1326, 948, 0, 0.06%, 0, 0, 11, 185.83, 864666, 4633
4798, 0, 666, 1327, 949, 0, 0.06%, 0, 0, 11, 184.20, 865597, 4633
4804, 0, 666, 1328, 950, 0, 0.06%, 0, 0, 11, 183.45, 866517, 4633
4809, 0, 667, 1328, 950, 0, 0.06%, 0, 0, 11, 181.93, 867460, 4633
4814, 0, 1041, 1328, 950, 0, 0.06%, 0, 0, 11, 183.35, 868416, 4633
4819, 0, 354, 1328, 950, 0, 0.06%, 0, 0, 11, 183.54, 869356, 4633
4824, 0, 1324, 1329, 951, 0, 0.06%, 0, 0, 11, 183.91, 870281, 4639
4829, 0, 1324, 1330, 952, 0, 0.06%, 0, 0, 11, 183.80, 871221, 4640
4834, 0, 1324, 1330, 952, 0, 0.06%, 0, 0, 11, 184.28, 872154, 4640
4839, 0, 1324, 1330, 952, 0, 0.06%, 0, 0, 11, 184.83, 873090, 4640
4844, 0, 1324, 1330, 952, 0, 0.06%, 0, 0, 11, 184.55, 874023, 4640
4849, 0, 1324, 1330, 952, 0, 0.06%, 0, 0, 11, 184.55, 874959, 4640
4854, 0, 1324, 1330, 952, 0, 0.06%, 0, 0, 11, 184.57, 875888, 4640
4859, 0, 1324, 1330, 952, 0, 0.06%, 0, 0, 11, 184.33, 876814, 4640
4865, 0, 1328, 1331, 953, 2, 0.06%, 0, 0, 11, 33.16, 877712, 4640
4870, 0, 671, 1331, 952, 1, 0.06%, 0, 0, 11, 186.78, 878646, 4640
4875, 0, 262, 1331, 952, 1, 0.06%, 0, 0, 11, 175.74, 879565, 4640
4880, 0, 1329, 1331, 952, 1, 0.06%, 0, 0, 11, 180.46, 880467, 4640
4885, 0, 72, 1331, 951, 0, 0.06%, 0, 0, 11, 183.21, 881365, 4640
4890, 0, 72, 1331, 951, 0, 0.06%, 0, 0, 11, 181.52, 882286, 4640
4895, 0, 1041, 1331, 951, 0, 0.06%, 0, 0, 11, 182.68, 883235, 4640
4901, 0, 667, 1331, 951, 0, 0.06%, 0, 0, 11, 183.00, 884176, 4640
4906, 0, 1159, 1333, 953, 0, 0.06%, 0, 0, 11, 180.35, 885102, 4640
4911, 0, 1159, 1334, 954, 0, 0.06%, 0, 0, 11, 179.54, 886018, 4640
4916, 0, 1159, 1334, 954, 0, 0.06%, 0, 0, 11, 179.86, 886939, 4640
4921, 0, 1159, 1335, 955, 0, 0.06%, 0, 0, 11, 179.68, 887873, 4640
4926, 0, 1159, 1335, 955, 0, 0.06%, 0, 0, 11, 179.48, 888776, 4640
4931, 0, 1159, 1335, 955, 0, 0.06%, 0, 0, 11, 178.84, 889679, 4640
4936, 0, 1159, 1336, 956, 0, 0.06%, 0, 0, 11, 175.31, 890586, 4640
4942, 0, 1159, 1336, 956, 0, 0.06%, 0, 0, 11, 174.65, 891486, 4640
4947, 0, 1159, 1336, 956, 0, 0.06%, 0, 0, 11, 174.14, 892386, 4640
4952, 0, 1159, 1336, 956, 0, 0.06%, 0, 0, 11, 174.04, 893286, 4640
4957, 0, 1159, 1336, 956, 0, 0.06%, 0, 0, 11, 173.60, 894186, 4640
4962, 0, 1159, 1336, 956, 0, 0.06%, 0, 0, 11, 174.09, 895086, 4640
4967, 0, 1159, 1336, 956, 0, 0.06%, 0, 0, 11, 174.22, 895987, 4640
4972, 0, 1159, 1336, 956, 0, 0.06%, 0, 0, 11, 174.35, 896856, 4640
4978, 0, 1159, 1337, 957, 0, 0.06%, 0, 0, 11, 173.39, 897760, 4640
4983, 0, 1131, 1337, 957, 0, 0.06%, 0, 0, 11, 173.26, 898661, 4640
4988, 0, 1131, 1338, 958, 0, 0.06%, 0, 0, 11, 171.55, 899526, 4640
4993, 0, 1131, 1339, 959, 0, 0.06%, 0, 0, 11, 172.33, 900421, 4643
4998, 0, 1131, 1339, 959, 0, 0.06%, 0, 0, 11, 172.38, 901285, 4643
5003, 0, 1131, 1339, 959, 0, 0.06%, 0, 0, 11, 172.31, 902149, 4643
5008, 0, 1131, 1339, 959, 0, 0.06%, 0, 0, 11, 173.35, 903049, 4643
5014, 0, 1131, 1339, 959, 0, 0.06%, 0, 0, 11, 174.20, 903949, 4643
5019, 0, 1131, 1343, 963, 0, 0.06%, 0, 0, 11, 173.56, 904853, 4643
5024, 0, 841, 1343, 962, 0, 0.06%, 0, 0, 11, 169.84, 905691, 4643
5029, 0, 841, 1343, 962, 0, 0.06%, 0, 0, 11, 175.10, 906602, 4643
5034, 0, 1172, 1343, 962, 0, 0.06%, 0, 0, 11, 176.75, 907507, 4643
5039, 0, 1172, 1343, 962, 0, 0.06%, 0, 0, 11, 177.16, 908408, 4643
5044, 0, 1172, 1343, 962, 0, 0.06%, 0, 0, 11, 177.31, 909308, 4643
5049, 0, 383, 1343, 962, 0, 0.06%, 0, 0, 11, 176.71, 910207, 4643
5054, 0, 383, 1343, 962, 0, 0.06%, 0, 0, 11, 177.27, 911123, 4643
5060, 0, 614, 1345, 964, 0, 0.06%, 0, 0, 11, 175.63, 912038, 4643
5065, 0, 1322, 1345, 964, 0, 0.06%, 0, 0, 11, 176.39, 912953, 4643
5070, 0, 1322, 1345, 964, 0, 0.06%, 0, 0, 11, 176.98, 913853, 4643
5075, 0, 1322, 1345, 964, 0, 0.06%, 0, 0, 11, 176.99, 914756, 4643
5080, 0, 1322, 1345, 964, 0, 0.06%, 0, 0, 11, 174.98, 915661, 4643
5085, 0, 1322, 1345, 964, 0, 0.06%, 0, 0, 11, 173.74, 916567, 4643
5091, 0, 1126, 1345, 964, 0, 0.06%, 0, 0, 11, 173.95, 917441, 4643
5096, 0, 1126, 1345, 964, 0, 0.06%, 0, 0, 11, 174.40, 918314, 4643
5101, 0, 258, 1345, 964, 0, 0.06%, 0, 0, 11, 173.50, 919182, 4643
5106, 0, 256, 1345, 964, 0, 0.06%, 0, 0, 11, 160.03, 920002, 4643
5111, 0, 1187, 1345, 964, 0, 0.06%, 0, 0, 11, 163.09, 920805, 4643
5116, 0, 1126, 1345, 964, 0, 0.06%, 0, 0, 11, 172.61, 921710, 4643
5121, 0, 657, 1345, 964, 0, 0.06%, 0, 0, 11, 174.94, 922620, 4643
5126, 0, 1320, 1346, 965, 0, 0.06%, 0, 0, 11, 173.93, 923519, 4643
5131, 0, 1320, 1346, 965, 0, 0.06%, 0, 0, 11, 175.41, 924419, 4643
5136, 0, 1320, 1346, 965, 0, 0.06%, 0, 0, 11, 176.44, 925319, 4643
5142, 0, 1320, 1346, 965, 0, 0.06%, 0, 0, 11, 175.06, 926221, 4643
5147, 0, 1320, 1346, 965, 0, 0.06%, 0, 0, 11, 175.10, 927126, 4643
5152, 0, 1320, 1346, 965, 0, 0.06%, 0, 0, 11, 176.16, 928031, 4643
5157, 0, 300, 1346, 964, 0, 0.06%, 0, 0, 11, 173.45, 928867, 4643
5162, 0, 300, 1346, 964, 0, 0.06%, 0, 0, 11, 165.02, 929692, 4643
5167, 0, 300, 1346, 964, 0, 0.06%, 0, 0, 11, 166.54, 930564, 4643
5172, 0, 407, 1346, 964, 0, 0.06%, 0, 0, 11, 171.80, 931447, 4643
5177, 0, 1126, 1348, 966, 0, 0.06%, 0, 0, 11, 174.68, 932343, 4643
5183, 0, 1172, 1348, 966, 0, 0.06%, 0, 0, 11, 176.54, 933258, 4643
5188, 0, 1172, 1348, 966, 0, 0.06%, 0, 0, 11, 176.56, 934158, 4643
5193, 0, 1099, 1350, 968, 0, 0.06%, 0, 0, 11, 173.75, 935054, 4643
5198, 0, 1099, 1350, 968, 0, 0.06%, 0, 0, 11, 173.28, 935954, 4643
5203, 0, 1099, 1350, 968, 0, 0.06%, 0, 0, 11, 172.81, 936818, 4643
5208, 0, 1099, 1350, 968, 0, 0.06%, 0, 0, 11, 172.64, 937682, 4643
5213, 0, 1099, 1350, 968, 0, 0.06%, 0, 0, 11, 172.29, 938579, 4643
5218, 0, 1099, 1350, 968, 0, 0.06%, 0, 0, 11, 172.52, 939443, 4643
5224, 0, 1099, 1350, 968, 0, 0.06%, 0, 0, 11, 173.68, 940342, 4643
5229, 0, 1099, 1350, 968, 0, 0.06%, 0, 0, 11, 169.78, 941196, 4643
5234, 0, 1099, 1350, 968, 0, 0.06%, 0, 0, 11, 173.28, 942101, 4643
5239, 0, 1023, 1350, 968, 0, 0.06%, 0, 0, 11, 174.78, 943001, 4643
5244, 0, 1023, 1351, 969, 0, 0.06%, 0, 0, 11, 176.37, 943896, 4643
5249, 0, 1023, 1351, 969, 0, 0.06%, 0, 0, 11, 176.84, 944798, 4643
5254, 0, 1023, 1351, 969, 0, 0.06%, 0, 0, 11, 176.85, 945698, 4643
5259, 0, 1126, 1351, 969, 0, 0.06%, 0, 0, 11, 177.26, 946601, 4643
5264, 0, 1173, 1353, 971, 0, 0.06%, 0, 0, 11, 175.81, 947509, 4648
5270, 0, 1173, 1353, 971, 0, 0.06%, 0, 0, 11, 176.71, 948409, 4648
5275, 0, 1173, 1353, 971, 0, 0.06%, 0, 0, 11, 176.64, 949309, 4648
5280, 0, 1173, 1353, 971, 0, 0.06%, 0, 0, 11, 177.01, 950215, 4648
5285, 0, 1173, 1353, 971, 0, 0.06%, 0, 0, 11, 176.70, 951131, 4648
5290, 0, 1175, 1353, 970, 0, 0.06%, 0, 0, 11, 178.77, 951983, 4648
5295, 0, 667, 1353, 970, 0, 0.06%, 0, 0, 11, 173.86, 952857, 4648
5300, 0, 1126, 1353, 970, 0, 0.06%, 0, 0, 11, 174.89, 953767, 4648
5305, 0, 793, 1357, 974, 0, 0.06%, 0, 0, 11, 172.10, 954633, 4651
5311, 0, 793, 1357, 974, 0, 0.06%, 0, 0, 11, 172.49, 955530, 4651
5316, 0, 793, 1358, 975, 0, 0.06%, 0, 0, 11, 172.08, 956425, 4651
5321, 0, 793, 1358, 975, 0, 0.06%, 0, 0, 11, 172.47, 957289, 4651
5326, 0, 793, 1358, 975, 0, 0.06%, 0, 0, 11, 173.39, 958189, 4651
5331, 0, 793, 1358, 975, 0, 0.06%, 0, 0, 11, 173.54, 959089, 4651
5336, 0, 793, 1358, 975, 0, 0.06%, 0, 0, 11, 173.03, 959989, 4651
5342, 0, 793, 1359, 976, 0, 0.06%, 0, 0, 11, 172.62, 960887, 4659
5347, 0, 793, 1361, 978, 0, 0.06%, 0, 0, 11, 173.06, 961783, 4660
5352, 0, 793, 1361, 978, 0, 0.06%, 0, 0, 11, 172.62, 962674, 4660
5357, 0, 793, 1361, 978, 0, 0.06%, 0, 0, 11, 172.90, 963574, 4660
5362, 0, 793, 1363, 980, 0, 0.06%, 0, 0, 11, 171.90, 964467, 4670
5368, 0, 793, 1363, 980, 0, 0.06%, 0, 0, 11, 174.72, 965368, 4670
5373, 0, 793, 1363, 980, 0, 0.06%, 0, 0, 11, 176.88, 966273, 4670
5378, 0, 793, 1363, 980, 0, 0.06%, 0, 0, 11, 176.76, 967178, 4670
5383, 0, 1353, 1363, 979, 5, 0.06%, 0, 0, 11, 174.81, 968050, 4670
5388, 0, 1353, 1364, 980, 5, 0.06%, 0, 0, 11, 176.39, 968980, 4670
5393, 0, 1363, 1364, 979, 5, 0.06%, 0, 0, 11, 172.96, 969850, 4670
5398, 0, 1358, 1364, 978, 4, 0.06%, 0, 0, 11, 178.44, 970787, 4670
5404, 0, 1361, 1364, 977, 3, 0.06%, 0, 0, 11, 174.39, 971651, 4670
5409, 0, 1362, 1364, 976, 2, 0.06%, 0, 0, 11, 184.29, 972494, 4670
5414, 0, 1362, 1364, 976, 2, 0.06%, 0, 0, 11, 179.38, 973419, 4670
5419, 0, 1360, 1364, 975, 1, 0.06%, 0, 0, 11, 178.20, 974311, 4670
5424, 0, 1352, 1364, 974, 0, 0.06%, 0, 0, 11, 175.48, 975178, 4670
5429, 0, 1352, 1365, 975, 0, 0.06%, 0, 0, 11, 176.28, 976076, 4670
5434, 0, 1352, 1365, 975, 0, 0.06%, 0, 0, 11, 177.58, 976978, 4670
5439, 0, 1352, 1365, 975, 0, 0.06%, 0, 0, 11, 177.50, 977878, 4670
5444, 0, 803, 1365, 975, 0, 0.06%, 0, 0, 11, 175.97, 978790, 4670
5449, 0, 1143, 1365, 975, 0, 0.06%, 0, 0, 11, 172.39, 979654, 4670
5455, 0, 661, 1366, 976, 0, 0.06%, 0, 0, 11, 174.17, 980545, 4670
5460, 0, 661, 1366, 976, 0, 0.06%, 0, 0, 11, 174.73, 981444, 4670
5465, 0, 667, 1366, 976, 0, 0.06%, 0, 0, 11, 175.33, 982350, 4670
5470, 0, 351, 1366, 976, 0, 0.06%, 0, 0, 11, 175.89, 983252, 4670
5475, 0, 1041, 1366, 976, 0, 0.06%, 0, 0, 11, 177.18, 984169, 4670
5480, 0, 351, 1366, 976, 0, 0.06%, 0, 0, 11, 177.57, 985084, 4670
5485, 0, 1126, 1366, 976, 0, 0.06%, 0, 0, 11, 177.09, 985989, 4670
5491, 0, 707, 1366, 976, 0, 0.06%, 0, 0, 11, 176.67, 986901, 4670
5496, 0, 300, 1366, 976, 0, 0.06%, 0, 0, 11, 177.29, 987801, 4670
5501, 0, 300, 1366, 976, 0, 0.06%, 0, 0, 11, 168.98, 988638, 4670
5506, 0, 1281, 1367, 977, 0, 0.06%, 0, 0, 11, 171.16, 989512, 4671
5511, 0, 1281, 1368, 978, 0, 0.06%, 0, 0, 11, 175.28, 990410, 4671
5516, 0, 1281, 1368, 978, 0, 0.06%, 0, 0, 11, 176.72, 991310, 4671
5521, 0, 1281, 1368, 978, 0, 0.06%, 0, 0, 11, 176.98, 992210, 4671
5526, 0, 1281, 1368, 978, 0, 0.06%, 0, 0, 11, 177.02, 993110, 4671
5531, 0, 1281, 1368, 978, 0, 0.06%, 0, 0, 11, 176.27, 994007, 4671
5536, 0, 1281, 1368, 978, 0, 0.06%, 0, 0, 11, 176.80, 994908, 4671
5541, 0, 1281, 1368, 978, 0, 0.06%, 0, 0, 11, 176.53, 995810, 4671
5547, 0, 1281, 1368, 978, 0, 0.06%, 0, 0, 11, 176.24, 996713, 4671
5552, 0, 1171, 1368, 977, 0, 0.06%, 0, 0, 11, 178.87, 997548, 4671
5557, 0, 1171, 1368, 977, 0, 0.06%, 0, 0, 11, 177.34, 998458, 4671
5562, 0, 667, 1368, 977, 0, 0.06%, 0, 0, 11, 171.01, 999321, 4671
5567, 0, 171, 1368, 977, 0, 0.06%, 0, 0, 11, 170.72, 1000218, 4671
5572, 0, 667, 1368, 977, 0, 0.06%, 0, 0, 11, 172.22, 1001101, 4671
5577, 0, 1353, 1368, 977, 0, 0.06%, 0, 0, 11, 174.41, 1002003, 4671
5583, 0, 1353, 1368, 977, 0, 0.06%, 0, 0, 11, 174.66, 1002903, 4671
5588, 0, 1353, 1368, 977, 0, 0.06%, 0, 0, 11, 176.70, 1003803, 4671
5593, 0, 1042, 1368, 977, 0, 0.06%, 0, 0, 11, 176.35, 1004700, 4671
5598, 0, 1042, 1368, 977, 0, 0.06%, 0, 0, 11, 176.73, 1005601, 4671
5603, 0, 1042, 1368, 977, 0, 0.06%, 0, 0, 11, 176.50, 1006501, 4671
5608, 0, 1171, 1368, 977, 0, 0.06%, 0, 0, 11, 176.76, 1007401, 4671
5613, 0, 1041, 1368, 977, 0, 0.06%, 0, 0, 11, 176.69, 1008301, 4671
5618, 0, 232, 1368, 977, 0, 0.06%, 0, 0, 11, 175.72, 1009213, 4671
5623, 0, 232, 1368, 977, 0, 0.06%, 0, 0, 11, 174.44, 1010085, 4671
5628, 0, 1171, 1368, 977, 0, 0.06%, 0, 0, 11, 176.35, 1010989, 4671
5633, 0, 1041, 1368, 977, 0, 0.06%, 0, 0, 11, 176.65, 1011889, 4671
5639, 0, 1159, 1368, 977, 0, 0.06%, 0, 0, 11, 176.03, 1012801, 4671
5644, 0, 1159, 1368, 977, 0, 0.06%, 0, 0, 11, 172.48, 1013693, 4671
5649, 0, 1150, 1368, 977, 0, 0.06%, 0, 0, 11, 170.17, 1014556, 4671
5654, 0, 1150, 1368, 977, 0, 0.06%, 0, 0, 11, 169.74, 1015418, 4671
5659, 0, 1150, 1368, 977, 0, 0.06%, 0, 0, 11, 171.96, 1016287, 4671
5664, 0, 1150, 1368, 977, 0, 0.06%, 0, 0, 11, 173.28, 1017183, 4671
5669, 0, 667, 1368, 977, 0, 0.06%, 0, 0, 11, 173.13, 1018075, 4671
5675, 0, 667, 1375, 984, 0, 0.06%, 0, 0, 11, 170.35, 1018939, 4671
5680, 0, 641, 1375, 984, 0, 0.06%, 0, 0, 11, 174.72, 1019842, 4671
5685, 0, 641, 1375, 984, 0, 0.06%, 0, 0, 11, 176.90, 1020743, 4671
5690, 0, 641, 1375, 984, 0, 0.06%, 0, 0, 11, 177.32, 1021643, 4671
5695, 0, 232, 1375, 984, 0, 0.06%, 0, 0, 11, 176.18, 1022547, 4671
5700, 0, 1041, 1375, 984, 0, 0.06%, 0, 0, 11, 177.02, 1023451, 4671
5705, 0, 1105, 1375, 984, 0, 0.06%, 0, 0, 11, 177.46, 1024363, 4671
5710, 0, 1105, 1375, 984, 0, 0.06%, 0, 0, 11, 176.82, 1025261, 4671
5715, 0, 1105, 1375, 984, 0, 0.06%, 0, 0, 11, 177.29, 1026161, 4671
5721, 0, 1187, 1375, 984, 0, 0.06%, 0, 0, 11, 176.95, 1027069, 4671
5726, 0, 1126, 1375, 984, 0, 0.06%, 0, 0, 11, 177.49, 1027980, 4671
5731, 0, 1363, 1375, 984, 0, 0.06%, 0, 0, 11, 176.01, 1028886, 4671
5736, 0, 1363, 1377, 986, 0, 0.06%, 0, 0, 11, 174.11, 1029755, 4671
5741, 0, 1363, 1377, 986, 0, 0.06%, 0, 0, 11, 174.77, 1030655, 4671
5746, 0, 1363, 1377, 986, 0, 0.06%, 0, 0, 11, 175.58, 1031555, 4671
5751, 0, 1363, 1377, 986, 0, 0.06%, 0, 0, 11, 175.32, 1032455, 4671
5756, 0, 1363, 1379, 988, 0, 0.06%, 0, 0, 11, 173.33, 1033348, 4680
5762, 0, 1363, 1379, 988, 0, 0.06%, 0, 0, 11, 174.52, 1034248, 4680
5767, 0, 1363, 1379, 988, 0, 0.06%, 0, 0, 11, 175.12, 1035148, 4680
5772, 0, 1363, 1379, 988, 0, 0.06%, 0, 0, 11, 174.73, 1036042, 4680
5777, 0, 1363, 1379, 988, 0, 0.06%, 0, 0, 11, 174.68, 1036942, 4680
5782, 0, 1363, 1379, 988, 0, 0.06%, 0, 0, 11, 174.76, 1037842, 4680
5787, 0, 1363, 1379, 988, 0, 0.06%, 0, 0, 11, 174.71, 1038742, 4680
5792, 0, 1363, 1380, 989, 0, 0.06%, 0, 0, 11, 175.49, 1039648, 4685
5798, 0, 1363, 1380, 989, 0, 0.06%, 0, 0, 11, 175.17, 1040544, 4685
5803, 0, 1363, 1380, 989, 0, 0.06%, 0, 0, 11, 175.19, 1041449, 4685
5808, 0, 1377, 1380, 989, 4, 0.06%, 0, 0, 11, 183.01, 1042304, 4685
5813, 0, 1375, 1380, 988, 3, 0.06%, 0, 0, 11, 176.41, 1043222, 4685
5818, 0, 1379, 1380, 987, 2, 0.06%, 0, 0, 11, 176.31, 1044103, 4685
5823, 0, 1379, 1384, 991, 2, 0.06%, 0, 0, 11, 171.93, 1044961, 4687
5828, 0, 1379, 1386, 993, 2, 0.06%, 0, 0, 11, 171.76, 1045824, 4688
5833, 0, 1379, 1387, 994, 2, 0.06%, 0, 0, 11, 173.76, 1046722, 4688
5839, 0, 1379, 1388, 995, 2, 0.06%, 0, 0, 11, 174.93, 1047620, 4688
5844, 0, 1379, 1389, 996, 2, 0.06%, 0, 0, 11, 174.12, 1048518, 4688
5849, 0, 1379, 1389, 996, 2, 0.06%, 0, 0, 11, 174.05, 1049415, 4688
5854, 0, 1379, 1389, 996, 2, 0.06%, 0, 0, 11, 174.52, 1050315, 4688
5859, 0, 1379, 1389, 996, 2, 0.06%, 0, 0, 11, 174.62, 1051215, 4688
5864, 0, 1379, 1390, 997, 2, 0.06%, 0, 0, 11, 174.18, 1052086, 4689
5869, 0, 1379, 1392, 999, 2, 0.06%, 0, 0, 11, 173.25, 1052982, 4690
5874, 0, 1379, 1393, 1000, 2, 0.06%, 0, 0, 11, 173.61, 1053880, 4691
5880, 0, 1390, 1393, 999, 10, 0.06%, 0, 0, 11, 184.79, 1054741, 4691
5885, 0, 1391, 1393, 998, 9, 0.06%, 0, 0, 11, 181.34, 1055671, 4691
5890, 0, 1383, 1393, 997, 8, 0.06%, 0, 0, 11, 183.03, 1056566, 4691
5895, 0, 1383, 1393, 997, 8, 0.06%, 0, 0, 11, 176.71, 1057439, 4691
5900, 0, 1385, 1393, 996, 7, 0.06%, 0, 0, 11, 177.91, 1058327, 4691
5905, 0, 1385, 1393, 996, 7, 0.06%, 0, 0, 11, 176.80, 1059237, 4691
5910, 0, 1392, 1393, 995, 6, 0.06%, 0, 0, 11, 177.37, 1060095, 4691
5915, 0, 1392, 1393, 995, 6, 0.06%, 0, 0, 11, 176.78, 1061007, 4691
5921, 0, 1086, 1394, 995, 5, 0.06%, 0, 0, 11, 178.38, 1061927, 4691
5926, 0, 667, 1394, 994, 4, 0.06%, 0, 0, 11, 176.42, 1062809, 4691
5931, 0, 1378, 1394, 994, 4, 0.06%, 0, 0, 11, 176.72, 1063728, 4691
5936, 0, 1378, 1395, 995, 4, 0.06%, 0, 0, 11, 177.00, 1064651, 4691
5941, 0, 1381, 1395, 994, 3, 0.06%, 0, 0, 11, 182.90, 1065503, 4691
5946, 0, 1381, 1395, 994, 3, 0.06%, 0, 0, 11, 176.03, 1066379, 4691
5951, 0, 1384, 1395, 993, 2, 0.06%, 0, 0, 11, 171.69, 1067259, 4691
5956, 0, 1384, 1395, 993, 2, 0.06%, 0, 0, 11, 173.90, 1068171, 4691
5961, 0, 1395, 1396, 993, 2, 0.06%, 0, 0, 11, 169.80, 1069039, 4692
5967, 0, 1389, 1396, 992, 1, 0.06%, 0, 0, 11, 183.38, 1070001, 4692
5972, 0, 1389, 1396, 992, 1, 0.06%, 0, 0, 11, 177.40, 1070916, 4692
5977, 0, 1375, 1396, 991, 0, 0.06%, 0, 0, 11, 170.35, 1071771, 4692
5982, 0, 1375, 1396, 991, 0, 0.06%, 0, 0, 11, 172.81, 1072671, 4692
5987, 0, 1375, 1396, 991, 0, 0.06%, 0, 0, 11, 175.95, 1073574, 4692
5992, 0, 1375, 1396, 991, 0, 0.06%, 0, 0, 11, 175.84, 1074479, 4692
5997, 0, 1375, 1396, 991, 0, 0.06%, 0, 0, 11, 175.67, 1075385, 4692
6003, 0, 448, 1396, 991, 0, 0.06%, 0, 0, 11, 176.51, 1076293, 4692
6008, 0, 448, 1396, 991, 0, 0.06%, 0, 0, 11, 177.26, 1077193, 4692
6013, 0, 1126, 1396, 991, 0, 0.06%, 0, 0, 11, 177.17, 1078093, 4692
6018, 0, 1126, 1396, 991, 0, 0.06%, 0, 0, 11, 177.64, 1079006, 4692
6023, 0, 137, 1396, 991, 0, 0.06%, 0, 0, 11, 175.91, 1079919, 4692
6028, 0, 1288, 1397, 992, 0, 0.06%, 0, 0, 11, 176.84, 1080830, 4692
6033, 0, 1288, 1397, 992, 0, 0.06%, 0, 0, 11, 177.26, 1081740, 4692
6038, 0, 1004, 1397, 992, 0, 0.06%, 0, 0, 11, 177.03, 1082644, 4692
6044, 0, 1004, 1398, 993, 0, 0.06%, 0, 0, 11, 177.09, 1083561, 4692
6049, 0, 843, 1398, 993, 0, 0.06%, 0, 0, 11, 170.52, 1084403, 4692
6054, 0, 843, 1398, 993, 0, 0.06%, 0, 0, 11, 169.67, 1085264, 4692
6059, 0, 843, 1398, 993, 0, 0.06%, 0, 0, 11, 174.82, 1086169, 4692
6064, 0, 843, 1398, 993, 0, 0.06%, 0, 0, 11, 176.22, 1087074, 4692
6069, 0, 1105, 1398, 993, 0, 0.06%, 0, 0, 11, 174.72, 1087973, 4692
6074, 0, 1325, 1398, 993, 0, 0.06%, 0, 0, 11, 176.87, 1088889, 4692
6079, 0, 1325, 1398, 993, 0, 0.06%, 0, 0, 11, 177.29, 1089789, 4692
6085, 0, 1325, 1398, 993, 0, 0.06%, 0, 0, 11, 177.52, 1090693, 4692
6090, 0, 1325, 1398, 993, 0, 0.06%, 0, 0, 11, 177.66, 1091599, 4692
6095, 0, 351, 1398, 993, 0, 0.06%, 0, 0, 11, 177.54, 1092504, 4692
6100, 0, 36, 1398, 993, 0, 0.06%, 0, 0, 11, 176.03, 1093415, 4692
6105, 0, 1353, 1400, 995, 0, 0.06%, 0, 0, 11, 173.00, 1094309, 4739
6110, 0, 1353, 1401, 996, 0, 0.06%, 0, 0, 11, 173.49, 1095177, 4739
6115, 0, 1353, 1401, 996, 0, 0.06%, 0, 0, 11, 173.61, 1096074, 4739
6120, 0, 1353, 1402, 997, 0, 0.06%, 0, 0, 11, 172.89, 1096966, 4747
6126, 0, 1353, 1402, 997, 0, 0.06%, 0, 0, 11, 173.38, 1097866, 4747
6131, 0, 1353, 1402, 997, 0, 0.06%, 0, 0, 11, 172.95, 1098760, 4747
6136, 0, 1353, 1402, 997, 0, 0.06%, 0, 0, 11, 173.74, 1099660, 4747
6141, 0, 1353, 1402, 997, 0, 0.06%, 0, 0, 11, 173.46, 1100557, 4747
6146, 0, 1353, 1402, 997, 0, 0.06%, 0, 0, 11, 173.67, 1101457, 4747
6152, 0, 1353, 1402, 997, 0, 0.06%, 0, 0, 11, 174.00, 1102357, 4747
6157, 0, 1353, 1402, 997, 0, 0.06%, 0, 0, 11, 173.71, 1103257, 4747
6162, 0, 1353, 1403, 998, 0, 0.06%, 0, 0, 11, 172.62, 1104152, 4747
6167, 0, 1353, 1403, 998, 0, 0.06%, 0, 0, 11, 173.67, 1105056, 4747
6172, 0, 1353, 1403, 998, 0, 0.06%, 0, 0, 11, 175.57, 1105973, 4747
6177, 0, 1401, 1403, 997, 3, 0.06%, 0, 0, 11, 184.71, 1106849, 4747
6182, 0, 1401, 1403, 997, 3, 0.06%, 0, 0, 11, 176.25, 1107725, 4747
6188, 0, 1402, 1403, 996, 2, 0.06%, 0, 0, 11, 177.19, 1108653, 4747
6193, 0, 1099, 1403, 995, 1, 0.06%, 0, 0, 11, 174.66, 1109526, 4747
6198, 0, 957, 1403, 995, 1, 0.06%, 0, 0, 11, 172.61, 1110384, 4747
6203, 0, 957, 1403, 995, 1, 0.06%, 0, 0, 11, 173.27, 1111284, 4747
6208, 0, 957, 1403, 995, 1, 0.06%, 0, 0, 11, 172.62, 1112180, 4747
6213, 0, 957, 1403, 995, 1, 0.06%, 0, 0, 11, 175.54, 1113085, 4747
6218, 0, 957, 1403, 995, 1, 0.06%, 0, 0, 11, 175.42, 1113991, 4747
6224, 0, 1149, 1403, 995, 1, 0.06%, 0, 0, 11, 174.61, 1114899, 4747
6229, 0, 1126, 1404, 995, 1, 0.06%, 0, 0, 11, 176.08, 1115803, 4753
6234, 0, 1403, 1404, 995, 2, 0.06%, 0, 0, 11, 190.27, 1116661, 4753
6239, 0, 1402, 1405, 995, 1, 0.06%, 0, 0, 11, 177.56, 1117567, 4753
6244, 0, 1402, 1405, 995, 1, 0.06%, 0, 0, 11, 174.49, 1118467, 4753
6249, 0, 1402, 1405, 995, 1, 0.06%, 0, 0, 11, 175.62, 1119367, 4753
6254, 0, 1402, 1405, 995, 1, 0.06%, 0, 0, 11, 176.43, 1120264, 4753
6260, 0, 1399, 1405, 995, 2, 0.06%, 0, 0, 11, 178.20, 1121143, 4753
6265, 0, 1399, 1405, 995, 2, 0.06%, 0, 0, 11, 177.17, 1122063, 4753
6270, 0, 1171, 1405, 994, 1, 0.06%, 0, 0, 11, 172.07, 1122946, 4753
6275, 0, 416, 1405, 994, 1, 0.06%, 0, 0, 11, 176.11, 1123869, 4753
6280, 0, 1107, 1405, 993, 1, 0.06%, 0, 0, 11, 177.50, 1124772, 4753
6285, 0, 1107, 1405, 993, 1, 0.06%, 0, 0, 11, 177.91, 1125673, 4753
6290, 0, 1107, 1405, 993, 1, 0.06%, 0, 0, 11, 177.76, 1126573, 4753
6295, 0, 1403, 1405, 993, 1, 0.06%, 0, 0, 11, 177.38, 1127473, 4753
6300, 0, 1403, 1407, 995, 1, 0.06%, 0, 0, 11, 176.23, 1128366, 4757
6306, 0, 1403, 1407, 995, 1, 0.06%, 0, 0, 11, 177.89, 1129266, 4757
6311, 0, 1403, 1407, 995, 1, 0.06%, 0, 0, 11, 177.14, 1130163, 4757
6316, 0, 1403, 1407, 995, 1, 0.06%, 0, 0, 11, 177.69, 1131063, 4757
6321, 0, 1403, 1409, 997, 1, 0.06%, 0, 0, 11, 177.21, 1131968, 4758
6326, 0, 1403, 1410, 998, 1, 0.06%, 0, 0, 11, 177.07, 1132866, 4759
6331, 0, 1403, 1411, 999, 1, 0.06%, 0, 0, 11, 177.16, 1133764, 4759
6336, 0, 1403, 1411, 999, 1, 0.06%, 0, 0, 11, 177.81, 1134664, 4759
6341, 0, 1403, 1411, 999, 1, 0.06%, 0, 0, 11, 178.09, 1135564, 4759
6346, 0, 1403, 1411, 999, 1, 0.06%, 0, 0, 11, 178.04, 1136464, 4759
6351, 0, 1403, 1411, 999, 1, 0.06%, 0, 0, 11, 178.20, 1137364, 4759
6356, 0, 1403, 1411, 999, 1, 0.06%, 0, 0, 11, 177.53, 1138264, 4759
6361, 0, 1408, 1411, 998, 5, 0.06%, 0, 0, 11, 175.84, 1139105, 4759
6366, 0, 1408, 1411, 998, 5, 0.06%, 0, 0, 11, 178.76, 1140030, 4759
6371, 0, 1405, 1411, 997, 4, 0.06%, 0, 0, 11, 176.61, 1140912, 4759
6377, 0, 1405, 1411, 997, 4, 0.06%, 0, 0, 11, 177.59, 1141827, 4759
6382, 0, 1409, 1411, 996, 3, 0.06%, 0, 0, 11, 180.03, 1142758, 4759
6387, 0, 1404, 1411, 995, 2, 0.06%, 0, 0, 11, 180.55, 1143692, 4759
6392, 0, 1406, 1411, 994, 1, 0.06%, 0, 0, 11, 169.41, 1144587, 4759
6397, 0, 1406, 1411, 994, 1, 0.06%, 0, 0, 11, 177.18, 1145517, 4759
6403, 0, 1408, 1411, 993, 0, 0.06%, 0, 0, 11, 177.09, 1146435, 4759
6408, 0, 1408, 1411, 993, 0, 0.06%, 0, 0, 11, 178.05, 1147335, 4759
6413, 0, 1408, 1411, 993, 0, 0.06%, 0, 0, 11, 178.24, 1148238, 4759
6418, 0, 1408, 1411, 993, 0, 0.06%, 0, 0, 11, 177.85, 1149148, 4759
6423, 0, 1408, 1411, 993, 0, 0.06%, 0, 0, 11, 177.16, 1150055, 4759
6428, 0, 1215, 1411, 993, 0, 0.06%, 0, 0, 11, 177.87, 1150963, 4759
6433, 0, 410, 1411, 993, 0, 0.06%, 0, 0, 11, 177.93, 1151878, 4759
6438, 0, 410, 1411, 993, 0, 0.06%, 0, 0, 11, 176.62, 1152781, 4759
6443, 0, 410, 1411, 993, 0, 0.06%, 0, 0, 11, 175.69, 1153694, 4759
6449, 0, 1408, 1411, 993, 0, 0.06%, 0, 0, 11, 177.85, 1154598, 4759
6454, 0, 1408, 1412, 994, 0, 0.06%, 0, 0, 11, 176.85, 1155493, 4769
6459, 0, 1408, 1412, 994, 0, 0.06%, 0, 0, 11, 177.32, 1156393, 4769
6464, 0, 1408, 1412, 994, 0, 0.06%, 0, 0, 11, 177.37, 1157292, 4769
6469, 0, 1408, 1412, 994, 0, 0.06%, 0, 0, 11, 177.86, 1158202, 4769
6474, 0, 1408, 1412, 994, 0, 0.06%, 0, 0, 11, 176.94, 1159110, 4769
6479, 0, 1408, 1412, 994, 0, 0.06%, 0, 0, 11, 177.31, 1160014, 4769
6484, 0, 876, 1412, 993, 0, 0.06%, 0, 0, 11, 181.05, 1160860, 4769
6489, 0, 1139, 1413, 993, 0, 0.06%, 0, 0, 11, 174.76, 1161733, 4769
6494, 0, 1139, 1413, 993, 0, 0.06%, 0, 0, 11, 172.96, 1162627, 4769
6499, 0, 1139, 1413, 993, 0, 0.06%, 0, 0, 11, 170.31, 1163479, 4769
6505, 0, 1139, 1413, 993, 0, 0.06%, 0, 0, 11, 173.12, 1164378, 4769
6510, 0, 1139, 1414, 994, 0, 0.06%, 0, 0, 11, 170.09, 1165235, 4769
6515, 0, 1139, 1415, 995, 0, 0.06%, 0, 0, 11, 170.31, 1166090, 4769
6520, 0, 1139, 1416, 996, 0, 0.06%, 0, 0, 11, 172.80, 1166951, 4769
6525, 0, 1288, 1416, 996, 0, 0.06%, 0, 0, 11, 175.38, 1167855, 4769
6530, 0, 1035, 1416, 996, 0, 0.06%, 0, 0, 11, 176.95, 1168770, 4769
6535, 0, 1411, 1416, 996, 0, 0.06%, 0, 0, 11, 177.11, 1169673, 4769
6540, 0, 1411, 1417, 997, 0, 0.06%, 0, 0, 12, 176.58, 1170568, 4774
6545, 0, 1411, 1417, 997, 0, 0.06%, 0, 0, 12, 177.34, 1171468, 4774
6550, 0, 1411, 1417, 997, 0, 0.06%, 0, 0, 12, 176.01, 1172365, 4774
6555, 0, 1411, 1417, 997, 0, 0.06%, 0, 0, 12, 176.82, 1173265, 4774
6561, 0, 1411, 1417, 997, 0, 0.06%, 0, 0, 12, 175.74, 1174165, 4774
6566, 0, 1411, 1417, 997, 0, 0.06%, 0, 0, 12, 176.38, 1175065, 4774
6571, 0, 1411, 1417, 997, 0, 0.06%, 0, 0, 12, 176.34, 1175965, 4774
6576, 0, 1411, 1417, 997, 0, 0.06%, 0, 0, 12, 176.93, 1176865, 4774
6581, 0, 608, 1417, 996, 0, 0.06%, 0, 0, 12, 181.60, 1177726, 4774
6586, 0, 608, 1418, 997, 0, 0.06%, 0, 0, 12, 175.90, 1178630, 4774
6591, 0, 1416, 1419, 998, 0, 0.06%, 0, 0, 12, 173.23, 1179529, 4774
6596, 0, 1416, 1419, 998, 0, 0.06%, 0, 0, 12, 176.52, 1180429, 4774
6602, 0, 1416, 1419, 998, 0, 0.06%, 0, 0, 12, 177.31, 1181329, 4774
6607, 0, 1416, 1420, 999, 0, 0.06%, 0, 0, 13, 175.25, 1182227, 4774
6612, 0, 1416, 1421, 1000, 0, 0.06%, 0, 0, 13, 170.03, 1183083, 4774
6617, 0, 1416, 1421, 1000, 0, 0.06%, 0, 0, 13, 175.65, 1183983, 4774
6622, 0, 1416, 1421, 1000, 0, 0.06%, 0, 0, 13, 177.50, 1184883, 4774
6627, 0, 1416, 1422, 1001, 0, 0.06%, 0, 0, 13, 176.73, 1185787, 4774
6632, 0, 1406, 1422, 1001, 0, 0.06%, 0, 0, 13, 176.79, 1186687, 4774
6637, 0, 1406, 1422, 1001, 0, 0.06%, 0, 0, 13, 177.75, 1187587, 4774
6642, 0, 1406, 1422, 1001, 0, 0.06%, 0, 0, 13, 177.61, 1188490, 4774
6647, 0, 1406, 1422, 1001, 0, 0.06%, 0, 0, 13, 177.39, 1189392, 4774
6652, 0, 1406, 1422, 1001, 0, 0.06%, 0, 0, 13, 177.75, 1190297, 4774
6657, 0, 1406, 1422, 1001, 0, 0.06%, 0, 0, 13, 177.83, 1191199, 4774
6663, 0, 1406, 1422, 1001, 0, 0.06%, 0, 0, 13, 177.86, 1192100, 4774
6668, 0, 1406, 1422, 1001, 0, 0.06%, 0, 0, 13, 177.48, 1193005, 4774
6673, 0, 1406, 1422, 1001, 0, 0.06%, 0, 0, 13, 176.70, 1193907, 4774
6678, 0, 548, 1422, 1001, 0, 0.06%, 0, 0, 13, 177.44, 1194811, 4774
6683, 0, 548, 1422, 1001, 0, 0.06%, 0, 0, 13, 177.08, 1195711, 4774
6688, 0, 1184, 1424, 1003, 0, 0.06%, 0, 0, 13, 175.31, 1196618, 4774
6693, 0, 1184, 1424, 1003, 0, 0.06%, 0, 0, 13, 174.37, 1197518, 4774
6698, 0, 1416, 1424, 1002, 0, 0.06%, 0, 0, 13, 174.77, 1198394, 4774
6703, 0, 1416, 1424, 1002, 0, 0.06%, 0, 0, 13, 176.18, 1199294, 4774
6709, 0, 1416, 1424, 1002, 0, 0.06%, 0, 0, 13, 173.93, 1200191, 4774
6714, 0, 782, 1424, 1002, 0, 0.06%, 0, 0, 13, 175.23, 1201091, 4774
6719, 0, 782, 1424, 1002, 0, 0.06%, 0, 0, 13, 174.43, 1201991, 4774
6724, 0, 782, 1424, 1002, 0, 0.06%, 0, 0, 13, 173.81, 1202884, 4774
6729, 0, 705, 1424, 1002, 0, 0.06%, 0, 0, 13, 175.72, 1203798, 4774
6734, 0, 705, 1426, 1004, 0, 0.06%, 0, 0, 13, 175.02, 1204688, 4774
6739, 0, 705, 1426, 1004, 0, 0.06%, 0, 0, 13, 176.17, 1205588, 4774
6744, 0, 705, 1426, 1004, 0, 0.06%, 0, 0, 13, 176.49, 1206488, 4774
6750, 0, 705, 1426, 1004, 0, 0.06%, 0, 0, 13, 175.90, 1207395, 4774
6755, 0, 1416, 1426, 1004, 0, 0.06%, 0, 0, 13, 177.43, 1208305, 4774
6760, 0, 1307, 1426, 1004, 0, 0.06%, 0, 0, 13, 177.89, 1209219, 4774
6765, 0, 1307, 1426, 1004, 0, 0.06%, 0, 0, 13, 178.31, 1210120, 4774
6770, 0, 1307, 1426, 1004, 0, 0.06%, 0, 0, 13, 178.17, 1211020, 4774
6775, 0, 1416, 1426, 1004, 0, 0.06%, 0, 0, 13, 177.93, 1211920, 4774
6780, 0, 1416, 1426, 1004, 0, 0.06%, 0, 0, 13, 178.02, 1212828, 4774
6785, 0, 1305, 1426, 1004, 0, 0.06%, 0, 0, 13, 178.11, 1213736, 4774
6790, 0, 1305, 1426, 1004, 0, 0.06%, 0, 0, 13, 177.86, 1214647, 4774
6796, 0, 1416, 1426, 1004, 0, 0.06%, 0, 0, 13, 176.87, 1215560, 4774
6801, 0, 1416, 1426, 1004, 0, 0.06%, 0, 0, 13, 175.76, 1216471, 4774
6806, 0, 1011, 1426, 1004, 0, 0.06%, 0, 0, 13, 175.79, 1217373, 4774
6811, 0, 1011, 1426, 1004, 0, 0.06%, 0, 0, 13, 175.92, 1218282, 4774
6816, 0, 1416, 1426, 1004, 0, 0.06%, 0, 0, 13, 175.83, 1219189, 4774
6821, 0, 1416, 1426, 1004, 0, 0.06%, 0, 0, 13, 175.88, 1220100, 4774
6827, 0, 1416, 1426, 1004, 0, 0.06%, 0, 0, 13, 176.87, 1221007, 4774
6832, 0, 1106, 1426, 1004, 0, 0.06%, 0, 0, 13, 177.10, 1221921, 4774
6837, 0, 1106, 1426, 1004, 0, 0.06%, 0, 0, 13, 174.39, 1222821, 4774
6842, 0, 1106, 1427, 1005, 0, 0.06%, 0, 0, 13, 173.08, 1223724, 4774
6847, 0, 916, 1427, 1005, 0, 0.06%, 0, 0, 13, 176.64, 1224637, 4774
6852, 0, 916, 1427, 1005, 0, 0.06%, 0, 0, 13, 175.65, 1225537, 4774
6857, 0, 916, 1427, 1005, 0, 0.06%, 0, 0, 13, 176.72, 1226445, 4774
6862, 0, 433, 1428, 1006, 0, 0.06%, 0, 0, 13, 175.08, 1227322, 4774
6868, 0, 433, 1428, 1006, 0, 0.06%, 0, 0, 13, 176.06, 1228219, 4774
6873, 0, 433, 1428, 1006, 0, 0.06%, 0, 0, 13, 174.89, 1229118, 4774
6878, 0, 351, 1428, 1006, 0, 0.06%, 0, 0, 13, 175.74, 1230029, 4774
6883, 0, 1416, 1428, 1006, 0, 0.06%, 0, 0, 13, 177.25, 1230937, 4774
6888, 0, 435, 1428, 1006, 0, 0.06%, 0, 0, 13, 177.67, 1231850, 4774
6893, 0, 664, 1428, 1006, 0, 0.06%, 0, 0, 13, 178.22, 1232762, 4774
6898, 0, 258, 1428, 1006, 0, 0.06%, 0, 0, 13, 175.54, 1233662, 4774
6904, 0, 667, 1428, 1006, 0, 0.06%, 0, 0, 13, 169.27, 1234512, 4774
6909, 0, 1361, 1428, 1006, 0, 0.06%, 0, 0, 13, 173.56, 1235419, 4774
6914, 0, 543, 1428, 1006, 0, 0.06%, 0, 0, 13, 176.53, 1236338, 4774
6919, 0, 1416, 1428, 1006, 0, 0.06%, 0, 0, 13, 177.08, 1237246, 4774
6924, 0, 1352, 1428, 1006, 0, 0.06%, 0, 0, 13, 177.34, 1238159, 4774
6929, 0, 1328, 1428, 1006, 0, 0.06%, 0, 0, 13, 177.06, 1239072, 4774
6934, 0, 1328, 1428, 1006, 0, 0.06%, 0, 0, 13, 177.65, 1239972, 4774
6940, 0, 1328, 1428, 1006, 0, 0.06%, 0, 0, 13, 177.15, 1240877, 4774
6945, 0, 1328, 1428, 1006, 0, 0.06%, 0, 0, 13, 177.99, 1241783, 4774
6950, 0, 667, 1428, 1006, 0, 0.06%, 0, 0, 13, 177.04, 1242687, 4774
6955, 0, 232, 1428, 1006, 0, 0.06%, 0, 0, 13, 174.55, 1243566, 4774
6960, 0, 1203, 1428, 1006, 0, 0.06%, 0, 0, 13, 174.80, 1244465, 4774
6965, 0, 1203, 1428, 1006, 0, 0.06%, 0, 0, 13, 175.17, 1245374, 4774
6970, 0, 258, 1428, 1006, 0, 0.06%, 0, 0, 13, 171.24, 1246261, 4774
6975, 0, 1416, 1429, 1007, 0, 0.06%, 0, 0, 13, 174.85, 1247162, 4774
6981, 0, 1416, 1429, 1007, 0, 0.06%, 0, 0, 13, 176.49, 1248073, 4774
6986, 0, 1321, 1429, 1006, 0, 0.06%, 0, 0, 13, 182.38, 1248927, 4774
6991, 0, 1321, 1429, 1006, 0, 0.06%, 0, 0, 13, 178.09, 1249828, 4774
6996, 0, 1321, 1429, 1006, 0, 0.06%, 0, 0, 13, 177.67, 1250728, 4774
7001, 0, 5, 1429, 1006, 0, 0.06%, 0, 0, 13, 172.43, 1251628, 4774
7006, 0, 5, 1429, 1006, 0, 0.06%, 0, 0, 13, 175.44, 1252504, 4774
7011, 0, 1014, 1429, 1006, 0, 0.06%, 0, 0, 13, 176.55, 1253424, 4774
7016, 0, 1014, 1429, 1006, 0, 0.06%, 0, 0, 13, 177.58, 1254328, 4774
7022, 0, 1014, 1429, 1006, 0, 0.06%, 0, 0, 13, 177.48, 1255250, 4774
7027, 0, 667, 1429, 1006, 0, 0.06%, 0, 0, 13, 176.45, 1256167, 4774
7032, 0, 1320, 1430, 1007, 0, 0.06%, 0, 0, 13, 174.58, 1257043, 4774
7037, 0, 1416, 1430, 1007, 0, 0.06%, 0, 0, 13, 176.82, 1257958, 4774
7042, 0, 1416, 1430, 1007, 0, 0.06%, 0, 0, 13, 177.25, 1258869, 4774
7047, 0, 1361, 1430, 1007, 0, 0.06%, 0, 0, 13, 177.73, 1259779, 4774
7052, 0, 1416, 1430, 1007, 0, 0.06%, 0, 0, 13, 177.94, 1260690, 4774
7057, 0, 1416, 1430, 1007, 0, 0.06%, 0, 0, 13, 177.29, 1261604, 4774
7063, 0, 413, 1432, 1009, 0, 0.06%, 0, 0, 13, 175.09, 1262507, 4774
7068, 0, 413, 1432, 1009, 0, 0.06%, 0, 0, 13, 174.84, 1263410, 4774
7073, 0, 1398, 1432, 1009, 0, 0.06%, 0, 0, 13, 176.07, 1264316, 4774
7078, 0, 1398, 1433, 1010, 0, 0.06%, 0, 0, 13, 176.41, 1265214, 4774
7083, 0, 1398, 1434, 1011, 0, 0.06%, 0, 0, 13, 176.79, 1266112, 4774
7088, 0, 1398, 1434, 1011, 0, 0.06%, 0, 0, 13, 176.89, 1267012, 4774
7093, 0, 1398, 1434, 1011, 0, 0.06%, 0, 0, 13, 176.10, 1267909, 4774
7098, 0, 1398, 1434, 1011, 0, 0.06%, 0, 0, 13, 173.89, 1268800, 4774
7103, 0, 1398, 1434, 1011, 0, 0.06%, 0, 0, 13, 176.15, 1269701, 4774
7109, 0, 1398, 1434, 1011, 0, 0.06%, 0, 0, 13, 176.57, 1270606, 4774
7114, 0, 1398, 1434, 1011, 0, 0.06%, 0, 0, 13, 177.47, 1271512, 4774
7119, 0, 1433, 1434, 1011, 1, 0.06%, 0, 0, 13, 177.38, 1272358, 4774
7124, 0, 1147, 1437, 1013, 0, 0.06%, 0, 0, 13, 173.50, 1273225, 4778
7129, 0, 1147, 1437, 1013, 0, 0.06%, 0, 0, 13, 173.05, 1274122, 4778
7134, 0, 1147, 1437, 1013, 0, 0.06%, 0, 0, 13, 172.92, 1275022, 4778
7139, 0, 1147, 1437, 1013, 0, 0.06%, 0, 0, 13, 172.66, 1275886, 4778
7144, 0, 1147, 1437, 1013, 0, 0.06%, 0, 0, 13, 173.00, 1276786, 4778
7150, 0, 1147, 1437, 1013, 0, 0.06%, 0, 0, 13, 173.23, 1277686, 4778
7155, 0, 1147, 1437, 1013, 0, 0.06%, 0, 0, 13, 172.43, 1278580, 4778
7160, 0, 1147, 1437, 1013, 0, 0.06%, 0, 0, 13, 172.73, 1279480, 4778
7165, 0, 1147, 1437, 1013, 0, 0.06%, 0, 0, 13, 173.19, 1280380, 4778
7170, 0, 1147, 1437, 1013, 0, 0.06%, 0, 0, 13, 172.71, 1281277, 4778
7176, 0, 1147, 1437, 1013, 0, 0.06%, 0, 0, 13, 172.72, 1282174, 4778
7181, 0, 1147, 1437, 1013, 0, 0.06%, 0, 0, 13, 172.45, 1283038, 4778
7186, 0, 1147, 1437, 1013, 0, 0.06%, 0, 0, 13, 173.58, 1283937, 4778
7191, 0, 1147, 1437, 1013, 0, 0.06%, 0, 0, 13, 174.38, 1284842, 4778
7196, 0, 1147, 1437, 1013, 0, 0.06%, 0, 0, 13, 173.95, 1285744, 4778
7200, 0, 1406, 1437, 1012, 0, 0.06%, 0, 0, 13, 165.17, 1286272, 4778
